H	0.00585632	B	0.0082962	C	0.985847
H	0.0318806	B	0.188325	C	0.779794
H	0.120355	B	0.352637	C	0.527009
H	0.124051	B	0.373236	C	0.502712
H	0.143525	B	0.382351	C	0.474123
H	0.173352	B	0.359257	C	0.467391
H	0.146775	B	0.302101	C	0.551124
H	0.12986	B	0.285352	C	0.584787
H	0.0979486	B	0.357383	C	0.544668
H	0.077425	B	0.438154	C	0.484421
H	0.0493619	B	0.443548	C	0.50709
H	0.0332255	B	0.361665	C	0.605109
H	0.00541051	B	0.0175031	C	0.977086
