H	0.00445509	B	0.00353252	C	0.992012
H	0.0507181	B	0.176424	C	0.772858
H	0.0850091	B	0.203624	C	0.711367
H	0.439836	B	0.153652	C	0.406512
H	0.419408	B	0.117057	C	0.463535
H	0.458339	B	0.0922237	C	0.449438
H	0.487691	B	0.0857831	C	0.426526
H	0.510606	B	0.068123	C	0.421271
H	0.857865	B	0.0319378	C	0.110197
H	0.910026	B	0.0253623	C	0.0646121
H	0.929612	B	0.0184602	C	0.0519282
H	0.956356	B	0.0169558	C	0.0266882
H	0.954359	B	0.0197515	C	0.0258894
H	0.939512	B	0.0220794	C	0.0384086
H	0.923814	B	0.0217991	C	0.0543874
H	0.87869	B	0.0244645	C	0.096846
H	0.834689	B	0.0253884	C	0.139923
H	0.723966	B	0.0292917	C	0.246743
H	0.465914	B	0.0266335	C	0.507453
H	0.006078	B	0.00209314	C	0.991829
