H	0.0183829	B	0.00364765	C	0.977969
H	0.445002	B	0.157481	C	0.397517
H	0.603487	B	0.193627	C	0.202886
H	0.68799	B	0.201591	C	0.110419
H	0.696688	B	0.201632	C	0.10168
H	0.663841	B	0.195538	C	0.14062
H	0.587189	B	0.17435	C	0.238461
H	0.582022	B	0.142072	C	0.275906
H	0.50211	B	0.120792	C	0.377098
H	0.453149	B	0.139403	C	0.407449
H	0.376325	B	0.122151	C	0.501523
H	0.29812	B	0.0815181	C	0.620362
H	0.31244	B	0.0559355	C	0.631625
H	0.345713	B	0.0623247	C	0.591962
H	0.344713	B	0.107812	C	0.547475
H	0.296796	B	0.146276	C	0.556928
H	0.191234	B	0.126035	C	0.682732
H	0.00487714	B	0.00415873	C	0.990964
