H	0.00458579	B	0.00326192	C	0.992152
H	0.146637	B	0.0638958	C	0.789467
H	0.233383	B	0.0625181	C	0.704099
H	0.506717	B	0.0830426	C	0.410241
H	0.576161	B	0.11458	C	0.309259
H	0.683347	B	0.146719	C	0.169934
H	0.709031	B	0.180308	C	0.11066
H	0.748883	B	0.194339	C	0.0567784
H	0.78564	B	0.184338	C	0.0300226
H	0.774562	B	0.192316	C	0.0331225
H	0.761189	B	0.186777	C	0.0520334
H	0.721476	B	0.164465	C	0.114058
H	0.675564	B	0.116686	C	0.207751
H	0.5716	B	0.0695623	C	0.358838
H	0.456166	B	0.109763	C	0.434071
H	0.282922	B	0.157428	C	0.55965
H	0.117845	B	0.16212	C	0.720035
H	0.00458286	B	0.00444748	C	0.99097
