H	0.00509713	B	0.00726387	C	0.987639
H	0.021656	B	0.0526629	C	0.925681
H	0.0522795	B	0.0947883	C	0.852932
H	0.0771185	B	0.147413	C	0.775469
H	0.118708	B	0.224446	C	0.656846
H	0.141116	B	0.27211	C	0.586774
H	0.201578	B	0.41336	C	0.385062
H	0.186303	B	0.527705	C	0.285992
H	0.154018	B	0.597859	C	0.248122
H	0.0780597	B	0.520467	C	0.401474
H	0.0533474	B	0.338599	C	0.608054
H	0.00609624	B	0.00893719	C	0.984967
