H	0.00540782	B	0.00292459	C	0.991668
H	0.0971249	B	0.0812895	C	0.821586
H	0.135759	B	0.0603615	C	0.803879
H	0.783311	B	0.0273133	C	0.189375
H	0.836543	B	0.0214433	C	0.142013
H	0.882601	B	0.0170857	C	0.100313
H	0.872189	B	0.0200389	C	0.107772
H	0.888301	B	0.0234932	C	0.0882061
H	0.896363	B	0.0425606	C	0.0610766
H	0.888026	B	0.0631837	C	0.0487908
H	0.870754	B	0.0732185	C	0.0560278
H	0.828046	B	0.0733844	C	0.0985698
H	0.759917	B	0.0611794	C	0.178904
H	0.706165	B	0.0480118	C	0.245823
H	0.669158	B	0.0381463	C	0.292696
H	0.564491	B	0.0334851	C	0.402024
H	0.370308	B	0.0274997	C	0.602192
H	0.00691059	B	0.00231376	C	0.990776
