H	0.0159989	B	0.00235563	C	0.981646
H	0.370191	B	0.020697	C	0.609112
H	0.521344	B	0.0170574	C	0.461599
H	0.53956	B	0.0123959	C	0.448044
H	0.612594	B	0.00505203	C	0.382354
H	0.938914	B	0.00333627	C	0.0577496
H	0.965166	B	0.00336115	C	0.0314729
H	0.973695	B	0.00318785	C	0.0231172
H	0.981975	B	0.00297494	C	0.0150497
H	0.983686	B	0.00328216	C	0.0130315
H	0.982411	B	0.00347836	C	0.0141109
H	0.977835	B	0.00387268	C	0.0182919
H	0.969005	B	0.00404925	C	0.0269462
H	0.949356	B	0.00528569	C	0.0453579
H	0.953624	B	0.00680373	C	0.0395719
H	0.943135	B	0.00847214	C	0.0483928
H	0.912024	B	0.00779146	C	0.0801848
H	0.86643	B	0.00837083	C	0.1252
H	0.741551	B	0.0125627	C	0.245886
H	0.453917	B	0.0157724	C	0.53031
H	0.00616221	B	0.00163384	C	0.992204
