H	0.00446249	B	0.00285443	C	0.992683
H	0.0384655	B	0.0965907	C	0.864944
H	0.0431347	B	0.0864484	C	0.870417
H	0.13009	B	0.0712524	C	0.798658
H	0.486146	B	0.0237373	C	0.490117
H	0.689634	B	0.0169433	C	0.293423
H	0.776162	B	0.0141391	C	0.209698
H	0.78651	B	0.0175489	C	0.195942
H	0.845539	B	0.00933263	C	0.145128
H	0.951046	B	0.00577854	C	0.0431752
H	0.962118	B	0.00590095	C	0.031981
H	0.972228	B	0.00536229	C	0.0224095
H	0.972285	B	0.00510211	C	0.0226129
H	0.957334	B	0.00511817	C	0.0375475
H	0.907318	B	0.00580759	C	0.0868749
H	0.733898	B	0.00769922	C	0.258403
H	0.322439	B	0.00873423	C	0.668827
H	0.0511016	B	0.00984757	C	0.939051
H	0.00406291	B	0.00237537	C	0.993562
