H	0.0055321	B	0.00221724	C	0.992251
H	0.473255	B	0.0111026	C	0.515642
H	0.550352	B	0.0106991	C	0.438949
H	0.57999	B	0.0166798	C	0.403331
H	0.61759	B	0.0227726	C	0.359638
H	0.765559	B	0.017676	C	0.216765
H	0.856954	B	0.0171453	C	0.1259
H	0.903052	B	0.0242007	C	0.0727473
H	0.91916	B	0.0373357	C	0.0435042
H	0.912458	B	0.0421179	C	0.0454236
H	0.892325	B	0.0427461	C	0.0649291
H	0.860855	B	0.0367367	C	0.102408
H	0.793668	B	0.0330274	C	0.173305
H	0.706731	B	0.0373932	C	0.255876
H	0.645835	B	0.0571642	C	0.297001
H	0.464314	B	0.0694506	C	0.466236
H	0.229778	B	0.0581966	C	0.712026
H	0.00555706	B	0.00252548	C	0.991917
