H	0.00420738	B	0.00198705	C	0.993806
H	0.167944	B	0.00863148	C	0.823424
H	0.843845	B	0.00419003	C	0.151965
H	0.8956	B	0.00408675	C	0.100313
H	0.942015	B	0.00347253	C	0.054512
H	0.981678	B	0.00290727	C	0.0154148
H	0.986038	B	0.00274456	C	0.0112171
H	0.98797	B	0.00258218	C	0.00944771
H	0.989006	B	0.00238417	C	0.00860971
H	0.988177	B	0.00273732	C	0.0090859
H	0.985156	B	0.00294203	C	0.0119017
H	0.976722	B	0.0036815	C	0.0195967
H	0.949703	B	0.00407564	C	0.0462214
H	0.863748	B	0.0041568	C	0.132095
H	0.726184	B	0.0040142	C	0.269802
H	0.540403	B	0.00427086	C	0.455326
H	0.204773	B	0.00572219	C	0.789505
H	0.0307689	B	0.00761402	C	0.961617
H	0.0280516	B	0.0157331	C	0.956215
H	0.00414437	B	0.00217795	C	0.993678
