H	0.00848103	B	0.00245061	C	0.989069
H	0.31247	B	0.0655431	C	0.621987
H	0.485488	B	0.105253	C	0.409259
H	0.619223	B	0.119407	C	0.26137
H	0.802971	B	0.0995388	C	0.09749
H	0.867639	B	0.0752976	C	0.0570636
H	0.938537	B	0.0384397	C	0.0230238
H	0.957534	B	0.0257542	C	0.0167117
H	0.963076	B	0.0205673	C	0.0163567
H	0.969845	B	0.0107389	C	0.0194158
H	0.967029	B	0.0072353	C	0.0257359
H	0.964676	B	0.00472145	C	0.030603
H	0.9535	B	0.0044676	C	0.0420328
H	0.925572	B	0.00474047	C	0.0696873
H	0.862875	B	0.00526629	C	0.131859
H	0.697243	B	0.0059806	C	0.296777
H	0.416324	B	0.0092158	C	0.57446
H	0.00542476	B	0.00201486	C	0.99256
