H	0.00693551	B	0.00670268	C	0.986362
H	0.0868642	B	0.182946	C	0.73019
H	0.134667	B	0.414474	C	0.450859
H	0.198509	B	0.601414	C	0.200077
H	0.24011	B	0.651702	C	0.108188
H	0.239774	B	0.686998	C	0.0732278
H	0.229336	B	0.694533	C	0.0761309
H	0.192985	B	0.686422	C	0.120593
H	0.167806	B	0.604162	C	0.228032
H	0.159355	B	0.441481	C	0.399165
H	0.133448	B	0.345697	C	0.520855
H	0.0814799	B	0.184237	C	0.734283
H	0.00560933	B	0.00381291	C	0.990578
