H	0.00396662	B	0.00887858	C	0.987155
H	0.0340322	B	0.169652	C	0.796316
H	0.0501718	B	0.137434	C	0.812394
H	0.323034	B	0.0618921	C	0.615073
H	0.355709	B	0.0453678	C	0.598923
H	0.419624	B	0.140415	C	0.43996
H	0.45639	B	0.283697	C	0.259913
H	0.476173	B	0.387128	C	0.136699
H	0.527089	B	0.408824	C	0.0640869
H	0.557758	B	0.404819	C	0.0374229
H	0.542588	B	0.417656	C	0.0397559
H	0.521371	B	0.427172	C	0.051457
H	0.538401	B	0.388926	C	0.0726724
H	0.53311	B	0.333637	C	0.133253
H	0.475316	B	0.298708	C	0.225976
H	0.41694	B	0.289153	C	0.293907
H	0.305177	B	0.25145	C	0.443373
H	0.158938	B	0.17185	C	0.669212
H	0.00399689	B	0.00226682	C	0.993736
