H	0.00452327	B	0.00205009	C	0.993427
H	0.235455	B	0.0159369	C	0.748608
H	0.352856	B	0.00852234	C	0.638621
H	0.855882	B	0.00612335	C	0.137995
H	0.898921	B	0.0064989	C	0.0945802
H	0.935444	B	0.00989605	C	0.0546602
H	0.948551	B	0.0189471	C	0.032502
H	0.953889	B	0.0220446	C	0.024066
H	0.947974	B	0.0325981	C	0.0194281
H	0.949163	B	0.0359502	C	0.0148869
H	0.944477	B	0.0418308	C	0.0136917
H	0.941843	B	0.0415399	C	0.0166174
H	0.927825	B	0.0454989	C	0.0266759
H	0.895121	B	0.0392972	C	0.0655813
H	0.781624	B	0.0282588	C	0.190117
H	0.49573	B	0.0138554	C	0.490414
H	0.244	B	0.0137867	C	0.742213
H	0.227247	B	0.0460099	C	0.726743
H	0.190554	B	0.0865249	C	0.722921
H	0.00459657	B	0.00309073	C	0.992313
