H	0.00648953	B	0.00381602	C	0.989694
H	0.0789783	B	0.113002	C	0.80802
H	0.179014	B	0.14228	C	0.678707
H	0.245938	B	0.13873	C	0.615332
H	0.785071	B	0.0486445	C	0.166284
H	0.826067	B	0.049979	C	0.123954
H	0.864308	B	0.0539698	C	0.0817221
H	0.846583	B	0.0671448	C	0.0862717
H	0.827248	B	0.0562873	C	0.116465
H	0.772526	B	0.0444705	C	0.183004
H	0.705661	B	0.0325153	C	0.261824
H	0.414033	B	0.0238018	C	0.562166
H	0.0710017	B	0.0187581	C	0.91024
H	0.0374916	B	0.0278631	C	0.934645
H	0.00472986	B	0.00331655	C	0.991954
