H	0.00647734	B	0.00317818	C	0.990344
H	0.192793	B	0.0516308	C	0.755577
H	0.538956	B	0.0616403	C	0.399404
H	0.615294	B	0.0851276	C	0.299579
H	0.669091	B	0.12837	C	0.202539
H	0.739781	B	0.163338	C	0.0968808
H	0.753697	B	0.190861	C	0.0554427
H	0.744776	B	0.206371	C	0.0488522
H	0.723701	B	0.207309	C	0.0689896
H	0.654589	B	0.18259	C	0.162821
H	0.482212	B	0.132889	C	0.384899
H	0.309619	B	0.0979422	C	0.592439
H	0.223973	B	0.120747	C	0.65528
H	0.142931	B	0.156376	C	0.700693
H	0.0817855	B	0.130959	C	0.787256
H	0.00490414	B	0.00314942	C	0.991946
