H	0.00364988	B	0.00215235	C	0.994198
H	0.0577266	B	0.0138457	C	0.928428
H	0.108994	B	0.00676013	C	0.884246
H	0.425185	B	0.00419983	C	0.570615
H	0.945691	B	0.00254429	C	0.0517648
H	0.973459	B	0.0027202	C	0.0238207
H	0.982858	B	0.00275383	C	0.014388
H	0.986622	B	0.00288744	C	0.0104902
H	0.986344	B	0.00275485	C	0.0109007
H	0.984768	B	0.00289971	C	0.0123321
H	0.983122	B	0.00316998	C	0.0137082
H	0.970695	B	0.00322842	C	0.0260763
H	0.939489	B	0.00359021	C	0.0569211
H	0.916215	B	0.00409603	C	0.0796893
H	0.897059	B	0.00422652	C	0.0987145
H	0.886746	B	0.00477561	C	0.108479
H	0.862289	B	0.00579384	C	0.131917
H	0.830414	B	0.00772737	C	0.161859
H	0.738901	B	0.0123771	C	0.248722
H	0.562375	B	0.0199868	C	0.417639
H	0.311581	B	0.024721	C	0.663698
H	0.00455427	B	0.00195702	C	0.993489
