H	0.00458965	B	0.00363321	C	0.991777
H	0.0181879	B	0.0263459	C	0.955466
H	0.0362264	B	0.0797898	C	0.883984
H	0.0483467	B	0.19294	C	0.758714
H	0.0301343	B	0.213768	C	0.756098
H	0.0197451	B	0.194803	C	0.785452
H	0.0108792	B	0.125779	C	0.863342
H	0.0119609	B	0.0493283	C	0.938711
H	0.0184622	B	0.0403235	C	0.941214
H	0.0252575	B	0.0808414	C	0.893901
H	0.0206621	B	0.0961545	C	0.883183
H	0.012794	B	0.0510799	C	0.936126
H	0.0228224	B	0.0336903	C	0.943487
H	0.025498	B	0.0251278	C	0.949374
H	0.0062955	B	0.00374375	C	0.989961
