H	0.0047319	B	0.00254112	C	0.992727
H	0.0886122	B	0.019114	C	0.892274
H	0.143469	B	0.0113223	C	0.845208
H	0.643736	B	0.00866042	C	0.347604
H	0.792827	B	0.0248131	C	0.18236
H	0.893764	B	0.0432226	C	0.0630135
H	0.917461	B	0.0543747	C	0.0281646
H	0.925052	B	0.0575162	C	0.0174317
H	0.922633	B	0.0619862	C	0.0153806
H	0.924418	B	0.0604887	C	0.0150931
H	0.911423	B	0.0670088	C	0.0215684
H	0.893996	B	0.0616201	C	0.0443838
H	0.838441	B	0.0548653	C	0.106694
H	0.711577	B	0.038946	C	0.249477
H	0.425566	B	0.0210964	C	0.553337
H	0.153214	B	0.0122298	C	0.834557
H	0.00443494	B	0.00190473	C	0.99366
