H	0.0045018	B	0.004617	C	0.990881
H	0.0135594	B	0.0326442	C	0.953796
H	0.0422653	B	0.0307943	C	0.92694
H	0.106387	B	0.0647553	C	0.828858
H	0.164909	B	0.278845	C	0.556246
H	0.175345	B	0.440158	C	0.384497
H	0.143599	B	0.495491	C	0.36091
H	0.13705	B	0.478399	C	0.384551
H	0.13507	B	0.400757	C	0.464173
H	0.156241	B	0.240443	C	0.603315
H	0.19702	B	0.102206	C	0.700774
H	0.130876	B	0.0444169	C	0.824707
H	0.00691552	B	0.00339992	C	0.989685
