H	0.00424763	B	0.00244642	C	0.993306
H	0.0522882	B	0.0236597	C	0.924052
H	0.121804	B	0.0168248	C	0.861371
H	0.243033	B	0.0263133	C	0.730654
H	0.255746	B	0.0344116	C	0.709842
H	0.269951	B	0.0274762	C	0.702573
H	0.892367	B	0.00914448	C	0.0984881
H	0.940054	B	0.00518597	C	0.0547605
H	0.950916	B	0.00418636	C	0.0448973
H	0.980831	B	0.00373408	C	0.0154347
H	0.983774	B	0.0031949	C	0.0130313
H	0.984645	B	0.00276461	C	0.0125909
H	0.986308	B	0.00254008	C	0.0111516
H	0.985815	B	0.00264351	C	0.011542
H	0.984739	B	0.00284915	C	0.0124115
H	0.980977	B	0.00298299	C	0.0160405
H	0.970914	B	0.00382144	C	0.0252648
H	0.948547	B	0.00441892	C	0.0470336
H	0.898668	B	0.00607924	C	0.0952527
H	0.810609	B	0.00660882	C	0.182782
H	0.628827	B	0.00807223	C	0.363101
H	0.335702	B	0.00936665	C	0.654932
H	0.00450443	B	0.00161399	C	0.993882
