H	0.00672914	B	0.0227573	C	0.970514
H	0.0378247	B	0.53269	C	0.429486
H	0.0349783	B	0.74404	C	0.220982
H	0.0710161	B	0.738188	C	0.190796
H	0.0412356	B	0.616463	C	0.342301
H	0.0267076	B	0.417624	C	0.555669
H	0.0248574	B	0.242021	C	0.733122
H	0.0273101	B	0.0952342	C	0.877456
H	0.0398178	B	0.0726226	C	0.88756
H	0.043528	B	0.183565	C	0.772907
H	0.0359371	B	0.440125	C	0.523937
H	0.0354182	B	0.727503	C	0.237079
H	0.0253687	B	0.720921	C	0.253711
H	0.0297777	B	0.621547	C	0.348676
H	0.00461429	B	0.10698	C	0.888406
