H	0.00640322	B	0.0024159	C	0.991181
H	0.320359	B	0.0511981	C	0.628443
H	0.564355	B	0.0529836	C	0.382661
H	0.654879	B	0.0556298	C	0.289492
H	0.809902	B	0.0575408	C	0.132558
H	0.894147	B	0.0510303	C	0.0548226
H	0.928255	B	0.0428962	C	0.0288489
H	0.932192	B	0.0445934	C	0.0232143
H	0.930231	B	0.0358779	C	0.0338911
H	0.898339	B	0.0294233	C	0.0722376
H	0.865044	B	0.0197073	C	0.115249
H	0.856615	B	0.0131227	C	0.130263
H	0.8304	B	0.0170994	C	0.152501
H	0.795355	B	0.0292561	C	0.175389
H	0.706748	B	0.0377005	C	0.255551
H	0.528044	B	0.0458415	C	0.426114
H	0.298104	B	0.0370344	C	0.664862
H	0.00544347	B	0.00252209	C	0.992034
