H	0.00547781	B	0.00246377	C	0.992058
H	0.226713	B	0.0522787	C	0.721009
H	0.390082	B	0.155859	C	0.45406
H	0.450846	B	0.209861	C	0.339293
H	0.463956	B	0.223554	C	0.312489
H	0.435329	B	0.210064	C	0.354607
H	0.394786	B	0.221858	C	0.383356
H	0.318893	B	0.223607	C	0.4575
H	0.203522	B	0.20473	C	0.591747
H	0.182516	B	0.194946	C	0.622538
H	0.269485	B	0.173443	C	0.557073
H	0.240369	B	0.13803	C	0.621601
H	0.215183	B	0.157242	C	0.627576
H	0.1431	B	0.277184	C	0.579717
H	0.0893448	B	0.337892	C	0.572763
H	0.0445939	B	0.339313	C	0.616093
H	0.0183143	B	0.22114	C	0.760546
H	0.0172924	B	0.102616	C	0.880091
H	0.0186993	B	0.0306678	C	0.950633
H	0.0222378	B	0.0294086	C	0.948354
H	0.0223261	B	0.0293686	C	0.948305
H	0.00350585	B	0.00246769	C	0.994026
