H	0.00959931	B	0.00533913	C	0.985062
H	0.205943	B	0.192361	C	0.601697
H	0.329293	B	0.260278	C	0.410429
H	0.43578	B	0.282199	C	0.28202
H	0.495856	B	0.26819	C	0.235953
H	0.515915	B	0.247382	C	0.236702
H	0.549699	B	0.224247	C	0.226054
H	0.55445	B	0.216651	C	0.228899
H	0.520586	B	0.235636	C	0.243778
H	0.465368	B	0.236957	C	0.297675
H	0.380639	B	0.188743	C	0.430618
H	0.27926	B	0.140287	C	0.580453
H	0.234455	B	0.133503	C	0.632042
H	0.124802	B	0.107881	C	0.767317
H	0.00515894	B	0.00403576	C	0.990805
