H	0.0042252	B	0.00590384	C	0.989871
H	0.022108	B	0.0418128	C	0.936079
H	0.13396	B	0.117207	C	0.748833
H	0.221949	B	0.239376	C	0.538675
H	0.235757	B	0.414002	C	0.350241
H	0.208964	B	0.609709	C	0.181328
H	0.200155	B	0.710848	C	0.0889963
H	0.16784	B	0.749547	C	0.0826131
H	0.167358	B	0.691364	C	0.141278
H	0.204004	B	0.499367	C	0.296629
H	0.234272	B	0.329754	C	0.435974
H	0.231577	B	0.220459	C	0.547964
H	0.155657	B	0.110925	C	0.733418
H	0.0375822	B	0.0431129	C	0.919305
H	0.00435905	B	0.00269364	C	0.992947
