H	0.00578892	B	0.00229228	C	0.991919
H	0.223897	B	0.0119171	C	0.764186
H	0.567319	B	0.00517644	C	0.427505
H	0.85918	B	0.00468733	C	0.136133
H	0.916398	B	0.00406101	C	0.0795411
H	0.947818	B	0.00395046	C	0.0482316
H	0.970354	B	0.00447158	C	0.0251745
H	0.975414	B	0.00451369	C	0.0200726
H	0.977146	B	0.00559628	C	0.0172579
H	0.972454	B	0.00787913	C	0.0196667
H	0.966807	B	0.0104858	C	0.0227075
H	0.94717	B	0.0149973	C	0.0378324
H	0.908411	B	0.0230485	C	0.06854
H	0.812012	B	0.0501706	C	0.137817
H	0.730578	B	0.0626554	C	0.206767
H	0.577992	B	0.0548213	C	0.367186
H	0.381705	B	0.0492272	C	0.569067
H	0.00735849	B	0.00221849	C	0.990423
