H	0.00375824	B	0.00220013	C	0.994042
H	0.22397	B	0.0131156	C	0.762915
H	0.360566	B	0.00675905	C	0.632675
H	0.682678	B	0.00864416	C	0.308678
H	0.700395	B	0.00942523	C	0.290179
H	0.745316	B	0.0101813	C	0.244503
H	0.738016	B	0.0144521	C	0.247532
H	0.721026	B	0.0127911	C	0.266183
H	0.781722	B	0.0269688	C	0.191309
H	0.841401	B	0.0462695	C	0.11233
H	0.868079	B	0.0436038	C	0.0883172
H	0.861975	B	0.0377467	C	0.100278
H	0.832315	B	0.0253028	C	0.142382
H	0.827546	B	0.0271405	C	0.145313
H	0.820411	B	0.0476505	C	0.131939
H	0.813301	B	0.0644546	C	0.122244
H	0.771914	B	0.0630176	C	0.165069
H	0.645375	B	0.0667436	C	0.287881
H	0.464423	B	0.055949	C	0.479628
H	0.00806012	B	0.00227434	C	0.989666
