H	0.00460267	B	0.00761699	C	0.98778
H	0.0347115	B	0.285001	C	0.680287
H	0.0696493	B	0.346749	C	0.583602
H	0.117784	B	0.311682	C	0.570534
H	0.233992	B	0.256246	C	0.509763
H	0.245473	B	0.297783	C	0.456744
H	0.245751	B	0.442687	C	0.311562
H	0.244883	B	0.599369	C	0.155748
H	0.236063	B	0.682199	C	0.0817386
H	0.195456	B	0.722248	C	0.0822957
H	0.190859	B	0.660867	C	0.148274
H	0.22915	B	0.483985	C	0.286865
H	0.260901	B	0.323559	C	0.41554
H	0.261929	B	0.211416	C	0.526655
H	0.166048	B	0.112159	C	0.721794
H	0.0370742	B	0.046143	C	0.916783
H	0.00371421	B	0.00245809	C	0.993828
