H	0.00467394	B	0.00415597	C	0.99117
H	0.026267	B	0.134503	C	0.83923
H	0.0334638	B	0.330852	C	0.635684
H	0.0560122	B	0.485728	C	0.458259
H	0.127782	B	0.574018	C	0.298201
H	0.144097	B	0.578907	C	0.276995
H	0.109531	B	0.533265	C	0.357203
H	0.0803563	B	0.422285	C	0.497359
H	0.0631086	B	0.275128	C	0.661764
H	0.564413	B	0.0867209	C	0.348866
H	0.652025	B	0.0275002	C	0.320475
H	0.693303	B	0.0269251	C	0.279771
H	0.634799	B	0.0416019	C	0.323599
H	0.511291	B	0.0623965	C	0.426312
H	0.347033	B	0.0668699	C	0.586097
H	0.00585471	B	0.00293021	C	0.991215
