H	0.00537323	B	0.00248492	C	0.992142
H	0.105817	B	0.0726192	C	0.821564
H	0.207335	B	0.147535	C	0.64513
H	0.434511	B	0.114139	C	0.45135
H	0.469257	B	0.0685655	C	0.462178
H	0.774082	B	0.0185281	C	0.20739
H	0.908191	B	0.00699387	C	0.0848154
H	0.933884	B	0.00622145	C	0.0598948
H	0.970662	B	0.00461835	C	0.0247195
H	0.977253	B	0.00403533	C	0.0187122
H	0.97887	B	0.00372595	C	0.0174037
H	0.977961	B	0.00363603	C	0.0184029
H	0.96548	B	0.00406807	C	0.030452
H	0.929848	B	0.00449014	C	0.0656619
H	0.833687	B	0.00530575	C	0.161008
H	0.461945	B	0.00833132	C	0.529724
H	0.0258759	B	0.00810565	C	0.966018
H	0.0131861	B	0.010773	C	0.976041
H	0.00396596	B	0.00251092	C	0.993523
