H	0.0229134	B	0.00196746	C	0.975119
H	0.64703	B	0.00989341	C	0.343077
H	0.867314	B	0.00748217	C	0.125204
H	0.946313	B	0.00707305	C	0.0466144
H	0.963333	B	0.00785524	C	0.0288122
H	0.967248	B	0.0133401	C	0.0194116
H	0.967252	B	0.0182473	C	0.0145007
H	0.963455	B	0.0224451	C	0.0141
H	0.957824	B	0.0236185	C	0.0185576
H	0.952679	B	0.0189832	C	0.0283376
H	0.932447	B	0.0157465	C	0.0518067
H	0.901856	B	0.0119946	C	0.086149
H	0.861499	B	0.0119829	C	0.126518
H	0.775795	B	0.0153193	C	0.208886
H	0.661619	B	0.0176394	C	0.320742
H	0.506478	B	0.0172744	C	0.476247
H	0.279768	B	0.0145119	C	0.70572
H	0.00507154	B	0.00201373	C	0.992915
