H	0.00326434	B	0.00216701	C	0.994569
H	0.0904383	B	0.161144	C	0.748418
H	0.117065	B	0.365573	C	0.517362
H	0.163941	B	0.442774	C	0.393286
H	0.141844	B	0.462335	C	0.395821
H	0.134167	B	0.345895	C	0.519938
H	0.134349	B	0.164411	C	0.70124
H	0.0893853	B	0.0936109	C	0.817004
H	0.0546919	B	0.15409	C	0.791218
H	0.0524767	B	0.361515	C	0.586009
H	0.0599347	B	0.570849	C	0.369217
H	0.0683184	B	0.594616	C	0.337065
H	0.069135	B	0.518514	C	0.412351
H	0.101966	B	0.427307	C	0.470727
H	0.098595	B	0.461262	C	0.440143
H	0.094697	B	0.653969	C	0.251334
H	0.0925318	B	0.807171	C	0.100297
H	0.0868972	B	0.864391	C	0.048712
H	0.0818504	B	0.869598	C	0.0485515
H	0.0906557	B	0.823803	C	0.0855416
H	0.135582	B	0.666924	C	0.197494
H	0.182734	B	0.491056	C	0.326211
H	0.201527	B	0.340693	C	0.45778
H	0.169295	B	0.195565	C	0.63514
H	0.112596	B	0.114364	C	0.773041
H	0.108501	B	0.0953037	C	0.796195
H	0.105961	B	0.0923675	C	0.801672
H	0.136228	B	0.172916	C	0.690856
H	0.108833	B	0.381324	C	0.509843
H	0.102398	B	0.650202	C	0.2474
H	0.0914034	B	0.834355	C	0.0742421
H	0.103679	B	0.85297	C	0.0433504
H	0.087637	B	0.856683	C	0.0556802
H	0.0852307	B	0.841468	C	0.0733013
H	0.0971095	B	0.771057	C	0.131834
H	0.0976796	B	0.645154	C	0.257166
H	0.0669792	B	0.431417	C	0.501604
H	0.0414917	B	0.327979	C	0.630529
H	0.0355145	B	0.373946	C	0.590539
H	0.00299628	B	0.00668767	C	0.990316
