H	0.00422883	B	0.00251127	C	0.99326
H	0.0209188	B	0.0601979	C	0.918883
H	0.0141535	B	0.0429032	C	0.942943
H	0.012767	B	0.0584268	C	0.928806
H	0.0134425	B	0.0721255	C	0.914432
H	0.0206754	B	0.0618127	C	0.917512
H	0.142751	B	0.028614	C	0.828635
H	0.308483	B	0.0215338	C	0.669983
H	0.368488	B	0.0229281	C	0.608584
H	0.666006	B	0.0283641	C	0.30563
H	0.718361	B	0.0366833	C	0.244956
H	0.713211	B	0.0477132	C	0.239076
H	0.69232	B	0.068581	C	0.239099
H	0.699089	B	0.079706	C	0.221205
H	0.661527	B	0.0836377	C	0.254836
H	0.615526	B	0.0871604	C	0.297313
H	0.472178	B	0.0900056	C	0.437817
H	0.195427	B	0.057849	C	0.746724
H	0.107631	B	0.053687	C	0.838683
H	0.069836	B	0.0413117	C	0.888852
H	0.0046407	B	0.00251534	C	0.992844
