H	0.00442161	B	0.00243634	C	0.993142
H	0.207212	B	0.0431748	C	0.749613
H	0.359335	B	0.0210218	C	0.619643
H	0.417142	B	0.013954	C	0.568904
H	0.612721	B	0.0191652	C	0.368114
H	0.702984	B	0.0458541	C	0.251162
H	0.732896	B	0.0676614	C	0.199443
H	0.757898	B	0.0844356	C	0.157666
H	0.755474	B	0.0794888	C	0.165037
H	0.671157	B	0.0768109	C	0.252032
H	0.57788	B	0.061914	C	0.360206
H	0.333898	B	0.0244459	C	0.641656
H	0.5627	B	0.00934363	C	0.427957
H	0.709127	B	0.0105484	C	0.280325
H	0.670592	B	0.0137339	C	0.315674
H	0.582362	B	0.0206318	C	0.397007
H	0.618344	B	0.0185373	C	0.363119
H	0.695584	B	0.0172068	C	0.287209
H	0.812227	B	0.020884	C	0.166889
H	0.861449	B	0.0260195	C	0.112532
H	0.859163	B	0.0349639	C	0.105873
H	0.845004	B	0.0290021	C	0.125994
H	0.688624	B	0.0358927	C	0.275483
H	0.375939	B	0.028047	C	0.596014
H	0.00417774	B	0.00168441	C	0.994138
