H	0.00378945	B	0.00414714	C	0.992063
H	0.0259475	B	0.194468	C	0.779584
H	0.0491662	B	0.433048	C	0.517786
H	0.0826641	B	0.444212	C	0.473124
H	0.11608	B	0.374079	C	0.509841
H	0.21132	B	0.305329	C	0.483351
H	0.223711	B	0.331064	C	0.445225
H	0.232697	B	0.466107	C	0.301196
H	0.2395	B	0.614072	C	0.146428
H	0.227008	B	0.689769	C	0.0832238
H	0.202686	B	0.718421	C	0.0788922
H	0.194343	B	0.66931	C	0.136347
H	0.222285	B	0.496065	C	0.281651
H	0.2452	B	0.343625	C	0.411175
H	0.256484	B	0.24354	C	0.499976
H	0.184624	B	0.128951	C	0.686424
H	0.0659819	B	0.0653355	C	0.868683
H	0.0333433	B	0.0526922	C	0.913964
H	0.00339307	B	0.00237423	C	0.994233
