H	0.00547368	B	0.00503058	C	0.989496
H	0.201354	B	0.370905	C	0.427741
H	0.273558	B	0.506649	C	0.219792
H	0.356999	B	0.511747	C	0.131254
H	0.363861	B	0.50116	C	0.134979
H	0.298632	B	0.449565	C	0.251803
H	0.228528	B	0.325315	C	0.446157
H	0.183504	B	0.166228	C	0.650268
H	0.131212	B	0.0947978	C	0.77399
H	0.103368	B	0.0613187	C	0.835313
H	0.135522	B	0.073257	C	0.791221
H	0.17759	B	0.139158	C	0.683253
H	0.211191	B	0.365312	C	0.423497
H	0.185336	B	0.525658	C	0.289006
H	0.153757	B	0.654271	C	0.191972
H	0.129561	B	0.690083	C	0.180357
H	0.089865	B	0.675485	C	0.23465
H	0.0652007	B	0.507526	C	0.427274
H	0.0487044	B	0.215161	C	0.736134
H	0.0037336	B	0.002599	C	0.993667
