H	0.004487	B	0.00631089	C	0.989202
H	0.0308183	B	0.137139	C	0.832043
H	0.125843	B	0.221356	C	0.652801
H	0.162272	B	0.300169	C	0.537559
H	0.193694	B	0.464636	C	0.341669
H	0.191947	B	0.639693	C	0.16836
H	0.185863	B	0.728278	C	0.0858595
H	0.146925	B	0.771496	C	0.0815782
H	0.156864	B	0.698617	C	0.144519
H	0.200622	B	0.500869	C	0.298509
H	0.230331	B	0.329174	C	0.440495
H	0.227442	B	0.216985	C	0.555573
H	0.153745	B	0.110438	C	0.735817
H	0.0365364	B	0.0436216	C	0.919842
H	0.004243	B	0.00271249	C	0.993045
