H	0.0043332	B	0.00713974	C	0.988527
H	0.0302825	B	0.262297	C	0.707421
H	0.0273559	B	0.180013	C	0.792631
H	0.0603918	B	0.188774	C	0.750834
H	0.167431	B	0.248661	C	0.583908
H	0.258547	B	0.259603	C	0.48185
H	0.339232	B	0.323238	C	0.337531
H	0.358534	B	0.387691	C	0.253775
H	0.347183	B	0.400699	C	0.252118
H	0.426878	B	0.368789	C	0.204332
H	0.443373	B	0.336884	C	0.219743
H	0.42271	B	0.322079	C	0.255211
H	0.407859	B	0.281875	C	0.310266
H	0.343516	B	0.240338	C	0.416146
H	0.240642	B	0.249362	C	0.509997
H	0.160734	B	0.291746	C	0.54752
H	0.0867786	B	0.253892	C	0.659329
H	0.00411718	B	0.0058915	C	0.989991
