H	0.00338137	B	0.00260782	C	0.994011
H	0.0311498	B	0.0528663	C	0.915984
H	0.0543838	B	0.119292	C	0.826324
H	0.0784785	B	0.31179	C	0.609732
H	0.100608	B	0.4636	C	0.435792
H	0.130599	B	0.459457	C	0.409943
H	0.142831	B	0.385033	C	0.472136
H	0.241404	B	0.292545	C	0.466052
H	0.262627	B	0.305056	C	0.432317
H	0.271561	B	0.432006	C	0.296433
H	0.286108	B	0.566957	C	0.146935
H	0.284589	B	0.635059	C	0.0803511
H	0.262918	B	0.657371	C	0.079711
H	0.255189	B	0.611862	C	0.132949
H	0.268884	B	0.464419	C	0.266697
H	0.291692	B	0.325683	C	0.382625
H	0.304097	B	0.232541	C	0.463362
H	0.237603	B	0.143104	C	0.619293
H	0.142107	B	0.0869721	C	0.770921
H	0.100042	B	0.0820638	C	0.817894
H	0.0638595	B	0.0676991	C	0.868441
H	0.0420498	B	0.0464656	C	0.911485
H	0.0032536	B	0.00231493	C	0.994431
