H	0.00411849	B	0.00404398	C	0.991838
H	0.0272294	B	0.13255	C	0.84022
H	0.0256548	B	0.220395	C	0.753951
H	0.0264185	B	0.267747	C	0.705834
H	0.0106869	B	0.150803	C	0.83851
H	0.0147544	B	0.0693483	C	0.915897
H	0.0183291	B	0.0428637	C	0.938807
H	0.034227	B	0.0794382	C	0.886335
H	0.0458953	B	0.189426	C	0.764678
H	0.0559585	B	0.511599	C	0.432442
H	0.0669782	B	0.753127	C	0.179895
H	0.0740336	B	0.825904	C	0.100062
H	0.0837635	B	0.853341	C	0.0628951
H	0.0765687	B	0.849411	C	0.0740204
H	0.0771969	B	0.788488	C	0.134315
H	0.071632	B	0.637981	C	0.290387
H	0.0683598	B	0.495602	C	0.436038
H	0.0456509	B	0.253929	C	0.70042
H	0.00390145	B	0.00282704	C	0.993272
