H	0.0251075	B	0.00262581	C	0.972267
H	0.505848	B	0.0381906	C	0.455961
H	0.610699	B	0.0390748	C	0.350226
H	0.638952	B	0.033809	C	0.327239
H	0.634147	B	0.021166	C	0.344687
H	0.709006	B	0.0100804	C	0.280914
H	0.896114	B	0.00679587	C	0.09709
H	0.91552	B	0.00709127	C	0.0773887
H	0.925633	B	0.00820977	C	0.066157
H	0.935461	B	0.0111493	C	0.0533901
H	0.922393	B	0.0194879	C	0.0581188
H	0.922443	B	0.0336263	C	0.0439303
H	0.914214	B	0.0495853	C	0.0362003
H	0.903045	B	0.0523488	C	0.044606
H	0.875639	B	0.0540973	C	0.0702632
H	0.738229	B	0.0585009	C	0.203271
H	0.46308	B	0.0546948	C	0.482225
H	0.00706159	B	0.00206034	C	0.990878
