H	0.00528119	B	0.00463044	C	0.990088
H	0.0511385	B	0.106878	C	0.841983
H	0.302099	B	0.142082	C	0.555819
H	0.33103	B	0.168151	C	0.500819
H	0.314709	B	0.212292	C	0.472998
H	0.296758	B	0.24415	C	0.459092
H	0.287448	B	0.229993	C	0.482559
H	0.29869	B	0.207042	C	0.494269
H	0.36852	B	0.172608	C	0.458872
H	0.428246	B	0.140948	C	0.430806
H	0.446381	B	0.113931	C	0.439688
H	0.406883	B	0.0920554	C	0.501061
H	0.275997	B	0.0571741	C	0.666829
H	0.0575484	B	0.0288015	C	0.91365
H	0.00502602	B	0.00301769	C	0.991956
