H	0.00544318	B	0.00498484	C	0.989572
H	0.0967781	B	0.224733	C	0.678489
H	0.171345	B	0.358685	C	0.469971
H	0.307931	B	0.360732	C	0.331337
H	0.337028	B	0.320873	C	0.342099
H	0.380401	B	0.263049	C	0.35655
H	0.372071	B	0.192314	C	0.435615
H	0.37503	B	0.177072	C	0.447898
H	0.370569	B	0.212619	C	0.416812
H	0.336712	B	0.251772	C	0.411515
H	0.320658	B	0.327543	C	0.351799
H	0.308453	B	0.395754	C	0.295793
H	0.288549	B	0.441863	C	0.269588
H	0.257006	B	0.468911	C	0.274083
H	0.210786	B	0.507095	C	0.282119
H	0.131065	B	0.454815	C	0.414121
H	0.0672798	B	0.341016	C	0.591704
H	0.00422708	B	0.00561558	C	0.990157
