H	0.00590792	B	0.00362736	C	0.990465
H	0.0820214	B	0.188826	C	0.729152
H	0.151481	B	0.238974	C	0.609544
H	0.62286	B	0.163988	C	0.213152
H	0.645488	B	0.141883	C	0.212628
H	0.661145	B	0.126676	C	0.212179
H	0.602706	B	0.104191	C	0.293102
H	0.562314	B	0.0826418	C	0.355045
H	0.648332	B	0.0631563	C	0.288512
H	0.762775	B	0.0482155	C	0.189009
H	0.800417	B	0.0476567	C	0.151926
H	0.838348	B	0.0375954	C	0.124056
H	0.860293	B	0.0281947	C	0.111512
H	0.846097	B	0.0261919	C	0.127711
H	0.797817	B	0.0255046	C	0.176678
H	0.671487	B	0.030364	C	0.29815
H	0.409106	B	0.0273959	C	0.563498
H	0.00633459	B	0.00219052	C	0.991475
