H	0.00513142	B	0.00447947	C	0.990389
H	0.0614498	B	0.156134	C	0.782416
H	0.132711	B	0.168865	C	0.698424
H	0.696051	B	0.143082	C	0.160867
H	0.745598	B	0.147742	C	0.106661
H	0.762691	B	0.170511	C	0.066798
H	0.752858	B	0.202576	C	0.0445662
H	0.751821	B	0.216549	C	0.0316293
H	0.738977	B	0.227791	C	0.0332325
H	0.712551	B	0.239998	C	0.0474516
H	0.656362	B	0.226074	C	0.117564
H	0.583559	B	0.16671	C	0.249732
H	0.487953	B	0.0978507	C	0.414197
H	0.241937	B	0.0594243	C	0.698639
H	0.0532563	B	0.0806118	C	0.866132
H	0.0420614	B	0.168595	C	0.789344
H	0.0429167	B	0.190244	C	0.766839
H	0.00435527	B	0.00696101	C	0.988684
