H	0.00774144	B	0.00227643	C	0.989982
H	0.696419	B	0.00685019	C	0.296731
H	0.86805	B	0.00391471	C	0.128035
H	0.9533	B	0.003265	C	0.0434353
H	0.976782	B	0.00299445	C	0.0202233
H	0.983546	B	0.00283392	C	0.0136203
H	0.986356	B	0.00261668	C	0.0110272
H	0.986436	B	0.00265364	C	0.0109103
H	0.982412	B	0.00333494	C	0.0142534
H	0.96928	B	0.00393692	C	0.0267834
H	0.920619	B	0.00455211	C	0.0748288
H	0.669186	B	0.00457257	C	0.326241
H	0.350497	B	0.00551783	C	0.643985
H	0.154167	B	0.00959153	C	0.836241
H	0.00503897	B	0.00257987	C	0.992381
