H	0.00562872	B	0.00232141	C	0.99205
H	0.212943	B	0.0162759	C	0.770781
H	0.335369	B	0.00943867	C	0.655192
H	0.817423	B	0.00544651	C	0.17713
H	0.906225	B	0.00386697	C	0.0899085
H	0.958753	B	0.00327805	C	0.0379688
H	0.978959	B	0.00348648	C	0.0175544
H	0.985225	B	0.00365101	C	0.0111242
H	0.987236	B	0.00334222	C	0.009422
H	0.988135	B	0.00299314	C	0.00887142
H	0.988386	B	0.00292049	C	0.00869398
H	0.986818	B	0.00298361	C	0.0101981
H	0.984388	B	0.00309488	C	0.0125173
H	0.976981	B	0.00356133	C	0.0194576
H	0.955874	B	0.00407378	C	0.0400525
H	0.88934	B	0.00422576	C	0.106434
H	0.720096	B	0.0051872	C	0.274717
H	0.403325	B	0.00788871	C	0.588787
H	0.00502001	B	0.00172647	C	0.993254
