H	0.00347823	B	0.00297244	C	0.993549
H	0.0266328	B	0.107241	C	0.866126
H	0.0435963	B	0.287454	C	0.66895
H	0.078604	B	0.448162	C	0.473234
H	0.113964	B	0.45867	C	0.427366
H	0.134542	B	0.379701	C	0.485757
H	0.221214	B	0.298634	C	0.480151
H	0.239681	B	0.313656	C	0.446663
H	0.261574	B	0.443451	C	0.294975
H	0.269595	B	0.580952	C	0.149453
H	0.261882	B	0.658387	C	0.0797314
H	0.231967	B	0.690409	C	0.0776243
H	0.223772	B	0.644384	C	0.131843
H	0.235118	B	0.490073	C	0.27481
H	0.263084	B	0.335096	C	0.40182
H	0.269439	B	0.237278	C	0.493283
H	0.219035	B	0.128283	C	0.652681
H	0.113491	B	0.0657201	C	0.820788
H	0.0665613	B	0.0667546	C	0.866684
H	0.0322892	B	0.0457023	C	0.922009
H	0.00331109	B	0.0022767	C	0.994412
