H	0.00525807	B	0.00465147	C	0.99009
H	0.0278245	B	0.0370871	C	0.935088
H	0.0615182	B	0.082855	C	0.855627
H	0.135998	B	0.167423	C	0.696579
H	0.1369	B	0.201657	C	0.661443
H	0.175921	B	0.285141	C	0.538938
H	0.208816	B	0.368838	C	0.422346
H	0.22442	B	0.346929	C	0.428651
H	0.204329	B	0.317964	C	0.477706
H	0.170651	B	0.24741	C	0.581939
H	0.0932489	B	0.123846	C	0.782905
H	0.00737432	B	0.00413775	C	0.988488
