H	0.00374651	B	0.00321554	C	0.993038
H	0.0666445	B	0.1964	C	0.736955
H	0.0922902	B	0.45828	C	0.44943
H	0.149244	B	0.655094	C	0.195662
H	0.173693	B	0.723047	C	0.10326
H	0.181483	B	0.747783	C	0.0707346
H	0.182912	B	0.745535	C	0.0715535
H	0.147185	B	0.738708	C	0.114107
H	0.129906	B	0.650174	C	0.21992
H	0.112804	B	0.477742	C	0.409454
H	0.0948746	B	0.392188	C	0.512938
H	0.059645	B	0.319798	C	0.620557
H	0.02401	B	0.156498	C	0.819492
H	0.0676739	B	0.0878169	C	0.844509
H	0.0577472	B	0.0444754	C	0.897777
H	0.0805746	B	0.0406408	C	0.878785
H	0.203976	B	0.0637175	C	0.732307
H	0.259878	B	0.0962913	C	0.643831
H	0.253532	B	0.140823	C	0.605645
H	0.185549	B	0.118922	C	0.695529
H	0.00392042	B	0.00362671	C	0.992453
