H	0.00408111	B	0.00297317	C	0.992946
H	0.0405721	B	0.0230059	C	0.936422
H	0.570054	B	0.0275971	C	0.402349
H	0.660262	B	0.0600188	C	0.279719
H	0.649769	B	0.112217	C	0.238014
H	0.566278	B	0.170977	C	0.262745
H	0.424975	B	0.167825	C	0.407199
H	0.210024	B	0.126364	C	0.663613
H	0.0272335	B	0.0570976	C	0.915669
H	0.0310184	B	0.031851	C	0.937131
H	0.0374547	B	0.0382689	C	0.924276
H	0.0607782	B	0.163931	C	0.77529
H	0.0660987	B	0.505025	C	0.428877
H	0.0664176	B	0.731179	C	0.202403
H	0.0689479	B	0.801761	C	0.129291
H	0.0541647	B	0.734144	C	0.211691
H	0.0431628	B	0.527785	C	0.429052
H	0.00440632	B	0.0496312	C	0.945963
