H	0.00328933	B	0.00254663	C	0.994164
H	0.0408509	B	0.0499153	C	0.909234
H	0.056379	B	0.0507691	C	0.892852
H	0.06911	B	0.131707	C	0.799183
H	0.0881383	B	0.317833	C	0.594029
H	0.110572	B	0.456364	C	0.433063
H	0.141783	B	0.452947	C	0.40527
H	0.156666	B	0.376723	C	0.466612
H	0.251927	B	0.285442	C	0.462631
H	0.267299	B	0.297234	C	0.435466
H	0.295938	B	0.409052	C	0.295009
H	0.312228	B	0.535052	C	0.152719
H	0.316337	B	0.603256	C	0.0804073
H	0.293953	B	0.626995	C	0.0790522
H	0.274269	B	0.58901	C	0.136721
H	0.293326	B	0.442339	C	0.264335
H	0.31258	B	0.304977	C	0.382444
H	0.315719	B	0.218742	C	0.465539
H	0.25855	B	0.13191	C	0.60954
H	0.173287	B	0.0882512	C	0.738461
H	0.147688	B	0.0815206	C	0.770792
H	0.119884	B	0.0663241	C	0.813792
H	0.0760217	B	0.055209	C	0.868769
H	0.0279254	B	0.0347564	C	0.937318
H	0.00315628	B	0.00201937	C	0.994824
