H	0.00351645	B	0.00190006	C	0.994583
H	0.0200852	B	0.0881003	C	0.891814
H	0.013752	B	0.0631376	C	0.92311
H	0.0113171	B	0.0883973	C	0.900286
H	0.0127757	B	0.10349	C	0.883734
H	0.0169445	B	0.0908814	C	0.892174
H	0.0946317	B	0.0466538	C	0.858715
H	0.235969	B	0.0347575	C	0.729274
H	0.285866	B	0.0420972	C	0.672037
H	0.530314	B	0.0686802	C	0.401006
H	0.548986	B	0.100326	C	0.350689
H	0.537572	B	0.128386	C	0.334043
H	0.50866	B	0.162978	C	0.328362
H	0.529342	B	0.182097	C	0.288561
H	0.510532	B	0.18085	C	0.308617
H	0.47487	B	0.191634	C	0.333495
H	0.368753	B	0.196394	C	0.434854
H	0.185606	B	0.146578	C	0.667817
H	0.182295	B	0.152092	C	0.665613
H	0.298068	B	0.173058	C	0.528874
H	0.330467	B	0.175601	C	0.493932
H	0.336589	B	0.169276	C	0.494135
H	0.303961	B	0.183023	C	0.513015
H	0.240248	B	0.212904	C	0.546849
H	0.144389	B	0.238714	C	0.616897
H	0.0227354	B	0.135108	C	0.842156
H	0.0211935	B	0.062396	C	0.91641
H	0.0244448	B	0.0429534	C	0.932602
H	0.0328752	B	0.0706604	C	0.896464
H	0.0281934	B	0.180689	C	0.791117
H	0.0352113	B	0.53915	C	0.425638
H	0.0321436	B	0.764153	C	0.203703
H	0.0425929	B	0.83238	C	0.125027
H	0.0348443	B	0.80194	C	0.163216
H	0.0336346	B	0.638066	C	0.328299
H	0.00323187	B	0.0708994	C	0.925869
