H	0.00415071	B	0.0102431	C	0.985606
H	0.0317887	B	0.430407	C	0.537804
H	0.058172	B	0.59804	C	0.343788
H	0.091852	B	0.59778	C	0.310368
H	0.187991	B	0.547799	C	0.26421
H	0.210614	B	0.561666	C	0.22772
H	0.21898	B	0.659771	C	0.121248
H	0.216305	B	0.658942	C	0.124753
H	0.195928	B	0.582707	C	0.221365
H	0.170552	B	0.406992	C	0.422456
H	0.123431	B	0.195211	C	0.681358
H	0.118572	B	0.111668	C	0.76976
H	0.171553	B	0.219778	C	0.608669
H	0.158732	B	0.314429	C	0.526839
H	0.185094	B	0.361914	C	0.452991
H	0.216213	B	0.379439	C	0.404349
H	0.236257	B	0.404613	C	0.35913
H	0.215887	B	0.436673	C	0.347439
H	0.180028	B	0.393668	C	0.426304
H	0.0773235	B	0.207919	C	0.714758
H	0.0035286	B	0.00345936	C	0.993012
