H	0.0132698	B	0.00267658	C	0.984054
H	0.304174	B	0.0105148	C	0.685311
H	0.653726	B	0.00633869	C	0.339936
H	0.846416	B	0.00834857	C	0.145236
H	0.902226	B	0.00753648	C	0.0902378
H	0.958612	B	0.00580691	C	0.0355806
H	0.969959	B	0.00600901	C	0.0240315
H	0.965043	B	0.00554887	C	0.0294084
H	0.950782	B	0.00665181	C	0.0425665
H	0.89387	B	0.00723447	C	0.0988951
H	0.805182	B	0.00868653	C	0.186132
H	0.556368	B	0.00911007	C	0.434522
H	0.160866	B	0.00828512	C	0.830849
H	0.0337949	B	0.00999667	C	0.956208
H	0.00491565	B	0.00285344	C	0.992231
