H	0.00476269	B	0.00593747	C	0.9893
H	0.0413723	B	0.311209	C	0.647419
H	0.0611008	B	0.427756	C	0.511143
H	0.0949806	B	0.412809	C	0.49221
H	0.0934569	B	0.346774	C	0.559769
H	0.112322	B	0.28654	C	0.601138
H	0.100796	B	0.222272	C	0.676932
H	0.123827	B	0.280393	C	0.59578
H	0.140193	B	0.474012	C	0.385795
H	0.154384	B	0.609729	C	0.235887
H	0.15408	B	0.63058	C	0.21534
H	0.161717	B	0.529036	C	0.309247
H	0.135942	B	0.448525	C	0.415533
H	0.16586	B	0.46889	C	0.365251
H	0.162687	B	0.51054	C	0.326773
H	0.133303	B	0.453805	C	0.412891
H	0.0844796	B	0.334131	C	0.581389
H	0.00428675	B	0.00431846	C	0.991395
