H	0.00980997	B	0.00253514	C	0.987655
H	0.438224	B	0.0762795	C	0.485496
H	0.564471	B	0.0925523	C	0.342977
H	0.726058	B	0.106988	C	0.166954
H	0.804561	B	0.106285	C	0.0891539
H	0.827287	B	0.101375	C	0.0713384
H	0.840309	B	0.0932738	C	0.0664172
H	0.832159	B	0.0693771	C	0.0984638
H	0.822055	B	0.0460663	C	0.131879
H	0.805598	B	0.0267101	C	0.167691
H	0.855173	B	0.0113007	C	0.133526
H	0.86447	B	0.0103138	C	0.125216
H	0.859405	B	0.0135385	C	0.127057
H	0.83376	B	0.0225167	C	0.143723
H	0.756338	B	0.0406316	C	0.20303
H	0.588058	B	0.0461896	C	0.365753
H	0.316442	B	0.0392865	C	0.644271
H	0.00514663	B	0.00244797	C	0.992405
