H	0.0037652	B	0.00625533	C	0.989979
H	0.0166872	B	0.33328	C	0.650033
H	0.0177606	B	0.616278	C	0.365962
H	0.0211928	B	0.74536	C	0.233447
H	0.0405957	B	0.793804	C	0.1656
H	0.0415556	B	0.738007	C	0.220437
H	0.110281	B	0.586427	C	0.303292
H	0.141203	B	0.378409	C	0.480389
H	0.165311	B	0.200213	C	0.634476
H	0.090057	B	0.120157	C	0.789786
H	0.0417036	B	0.168848	C	0.789448
H	0.0402027	B	0.405741	C	0.554056
H	0.0343118	B	0.703622	C	0.262067
H	0.0373392	B	0.802941	C	0.159719
H	0.0373717	B	0.823099	C	0.139529
H	0.042806	B	0.843823	C	0.113371
H	0.0368797	B	0.796527	C	0.166594
H	0.037367	B	0.675123	C	0.28751
H	0.0323738	B	0.40295	C	0.564676
H	0.0217047	B	0.158231	C	0.820064
H	0.00331071	B	0.00261287	C	0.994076
