H	0.0110502	B	0.00555763	C	0.983392
H	0.196124	B	0.0671633	C	0.736713
H	0.295639	B	0.130609	C	0.573752
H	0.362296	B	0.135656	C	0.502048
H	0.334203	B	0.0797093	C	0.586087
H	0.351586	B	0.0382051	C	0.610209
H	0.73936	B	0.0153455	C	0.245294
H	0.761407	B	0.017299	C	0.221294
H	0.784825	B	0.0229465	C	0.192228
H	0.820958	B	0.0302251	C	0.148817
H	0.807634	B	0.0412707	C	0.151095
H	0.800439	B	0.0590314	C	0.14053
H	0.80502	B	0.076761	C	0.118219
H	0.816967	B	0.10354	C	0.0794928
H	0.783946	B	0.121541	C	0.0945125
H	0.654901	B	0.122849	C	0.22225
H	0.42968	B	0.108198	C	0.462122
H	0.00706323	B	0.00275878	C	0.990178
