H	0.00359978	B	0.00795301	C	0.988447
H	0.0138826	B	0.415599	C	0.570519
H	0.0135932	B	0.720089	C	0.266318
H	0.0155401	B	0.813736	C	0.170723
H	0.0205992	B	0.846801	C	0.1326
H	0.0148519	B	0.788652	C	0.196496
H	0.0121949	B	0.609259	C	0.378546
H	0.0140144	B	0.271428	C	0.714558
H	0.0850715	B	0.140507	C	0.774421
H	0.136711	B	0.104925	C	0.758363
H	0.128214	B	0.0998802	C	0.771906
H	0.0855446	B	0.10542	C	0.809036
H	0.0778122	B	0.197554	C	0.724634
H	0.0727112	B	0.360296	C	0.566992
H	0.0747861	B	0.492614	C	0.432599
H	0.0622282	B	0.572749	C	0.365023
H	0.0481717	B	0.590357	C	0.361472
H	0.0354417	B	0.691346	C	0.273213
H	0.0271844	B	0.772316	C	0.200499
H	0.0235343	B	0.702907	C	0.273559
H	0.0217064	B	0.499584	C	0.47871
H	0.00340354	B	0.00855826	C	0.988038
