H	0.00454054	B	0.00180337	C	0.993656
H	0.482382	B	0.0151797	C	0.502438
H	0.636206	B	0.0194019	C	0.344392
H	0.791148	B	0.0394877	C	0.169364
H	0.8093	B	0.0829222	C	0.107778
H	0.847183	B	0.101853	C	0.0509638
H	0.878352	B	0.0939537	C	0.0276944
H	0.883916	B	0.0861284	C	0.0299555
H	0.876168	B	0.0798442	C	0.0439874
H	0.8478	B	0.0675037	C	0.0846968
H	0.795713	B	0.0554582	C	0.148829
H	0.701464	B	0.0295483	C	0.268988
H	0.476699	B	0.0155875	C	0.507714
H	0.366347	B	0.0166917	C	0.616962
H	0.477213	B	0.0408052	C	0.481981
H	0.557694	B	0.0754695	C	0.366836
H	0.567711	B	0.105149	C	0.32714
H	0.569261	B	0.127776	C	0.302963
H	0.551754	B	0.143316	C	0.30493
H	0.514698	B	0.15393	C	0.331371
H	0.514427	B	0.173333	C	0.31224
H	0.539566	B	0.216875	C	0.24356
H	0.532767	B	0.240664	C	0.226569
H	0.547467	B	0.285577	C	0.166956
H	0.515337	B	0.344948	C	0.139716
H	0.35813	B	0.356011	C	0.285859
H	0.178293	B	0.304354	C	0.517353
H	0.00347991	B	0.00397251	C	0.992548
