H	0.0428567	B	0.00353903	C	0.953604
H	0.467213	B	0.0441967	C	0.48859
H	0.667008	B	0.0578207	C	0.275171
H	0.784112	B	0.0780003	C	0.137888
H	0.819838	B	0.0936677	C	0.0864944
H	0.826981	B	0.112955	C	0.0600647
H	0.816817	B	0.130958	C	0.052225
H	0.783643	B	0.139855	C	0.0765018
H	0.703457	B	0.148419	C	0.148124
H	0.555928	B	0.111006	C	0.333066
H	0.30768	B	0.0533587	C	0.638962
H	0.00987707	B	0.00278567	C	0.987337
