H	0.00427518	B	0.00316027	C	0.992565
H	0.0967271	B	0.0471971	C	0.856076
H	0.135948	B	0.159085	C	0.704967
H	0.217594	B	0.346093	C	0.436313
H	0.248034	B	0.406663	C	0.345303
H	0.28642	B	0.398806	C	0.314774
H	0.285531	B	0.415728	C	0.298741
H	0.238215	B	0.382383	C	0.379401
H	0.221557	B	0.336408	C	0.442035
H	0.24902	B	0.249156	C	0.501823
H	0.207351	B	0.171401	C	0.621249
H	0.190786	B	0.166336	C	0.642878
H	0.15203	B	0.20457	C	0.6434
H	0.156417	B	0.254837	C	0.588746
H	0.143471	B	0.261397	C	0.595132
H	0.0781188	B	0.21322	C	0.708661
H	0.0528262	B	0.0971439	C	0.85003
H	0.00423566	B	0.00269592	C	0.993068
