H	0.0041572	B	0.00293003	C	0.992913
H	0.0459218	B	0.0870995	C	0.866979
H	0.108312	B	0.0480314	C	0.843656
H	0.944503	B	0.00719725	C	0.0482998
H	0.973664	B	0.00467131	C	0.0216643
H	0.982588	B	0.00371861	C	0.0136935
H	0.985876	B	0.00406735	C	0.010057
H	0.986871	B	0.00345253	C	0.00967615
H	0.985587	B	0.00384474	C	0.010568
H	0.983474	B	0.00454834	C	0.0119773
H	0.977812	B	0.00464909	C	0.0175389
H	0.952358	B	0.00471677	C	0.0429253
H	0.859057	B	0.00514058	C	0.135803
H	0.52105	B	0.00654184	C	0.472408
H	0.0894733	B	0.0116241	C	0.898903
H	0.0737415	B	0.0423946	C	0.883864
H	0.0898423	B	0.0748878	C	0.83527
H	0.00531007	B	0.0045128	C	0.990177
