H	0.00402113	B	0.00383942	C	0.992139
H	0.0366786	B	0.216192	C	0.74713
H	0.0378517	B	0.633289	C	0.328859
H	0.0377647	B	0.821909	C	0.140326
H	0.0453188	B	0.847724	C	0.106957
H	0.043835	B	0.804423	C	0.151742
H	0.0319899	B	0.605562	C	0.362448
H	0.0412561	B	0.318849	C	0.639895
H	0.0614544	B	0.145155	C	0.793391
H	0.0416202	B	0.0889212	C	0.869459
H	0.0200345	B	0.0875942	C	0.892371
H	0.0170868	B	0.117872	C	0.865042
H	0.0250625	B	0.15832	C	0.816618
H	0.0659609	B	0.28801	C	0.646029
H	0.0887454	B	0.407023	C	0.504232
H	0.0637077	B	0.58605	C	0.350242
H	0.0435013	B	0.65408	C	0.302419
H	0.0288021	B	0.558024	C	0.413174
H	0.0235197	B	0.305062	C	0.671419
H	0.00371772	B	0.00408186	C	0.9922
