H	0.00330701	B	0.00226979	C	0.994423
H	0.082658	B	0.0232068	C	0.894135
H	0.210379	B	0.0186249	C	0.770996
H	0.306423	B	0.0572178	C	0.636359
H	0.529726	B	0.154592	C	0.315683
H	0.560227	B	0.217092	C	0.222681
H	0.596866	B	0.268074	C	0.13506
H	0.631773	B	0.296195	C	0.0720321
H	0.586945	B	0.343735	C	0.0693204
H	0.537217	B	0.366878	C	0.0959045
H	0.506082	B	0.319435	C	0.174483
H	0.478628	B	0.23494	C	0.286433
H	0.48076	B	0.12779	C	0.39145
H	0.410151	B	0.0677896	C	0.522059
H	0.393707	B	0.0842061	C	0.522087
H	0.324889	B	0.117483	C	0.557628
H	0.287537	B	0.108411	C	0.604052
H	0.55486	B	0.0736553	C	0.371485
H	0.678448	B	0.0567515	C	0.2648
H	0.71984	B	0.0602568	C	0.219903
H	0.716487	B	0.0609285	C	0.222584
H	0.625622	B	0.0566562	C	0.317722
H	0.389486	B	0.0360204	C	0.574494
H	0.00430288	B	0.0018873	C	0.99381
