H	0.00474314	B	0.00219553	C	0.993061
H	0.594075	B	0.0079004	C	0.398024
H	0.73572	B	0.00576844	C	0.258512
H	0.831654	B	0.00693064	C	0.161415
H	0.926153	B	0.00684629	C	0.0670002
H	0.960479	B	0.00780453	C	0.031717
H	0.974279	B	0.00585718	C	0.0198641
H	0.980085	B	0.0044414	C	0.0154736
H	0.979314	B	0.00427243	C	0.0164131
H	0.971495	B	0.00410235	C	0.0244026
H	0.949796	B	0.00374623	C	0.0464575
H	0.913919	B	0.00401821	C	0.0820623
H	0.85935	B	0.0041749	C	0.136476
H	0.80677	B	0.00469619	C	0.188534
H	0.691265	B	0.00603389	C	0.302701
H	0.44427	B	0.0105692	C	0.545161
H	0.00775236	B	0.00195196	C	0.990296
