H	0.00661737	B	0.0077423	C	0.98564
H	0.0538053	B	0.264582	C	0.681613
H	0.0827948	B	0.37426	C	0.542946
H	0.11296	B	0.362884	C	0.524156
H	0.104221	B	0.315096	C	0.580682
H	0.101931	B	0.282776	C	0.615293
H	0.0820283	B	0.234935	C	0.683037
H	0.0944883	B	0.293656	C	0.611856
H	0.0973791	B	0.472557	C	0.430064
H	0.0830152	B	0.582755	C	0.33423
H	0.0533721	B	0.517003	C	0.429625
H	0.0398683	B	0.337349	C	0.622782
H	0.00531184	B	0.00985716	C	0.984831
