H	0.00518527	B	0.00243901	C	0.992376
H	0.537706	B	0.00812852	C	0.454166
H	0.678344	B	0.00743037	C	0.314226
H	0.824378	B	0.00980121	C	0.16582
H	0.903225	B	0.00848602	C	0.0882886
H	0.912539	B	0.00851803	C	0.0789425
H	0.910714	B	0.00861752	C	0.0806681
H	0.888652	B	0.00896438	C	0.102383
H	0.845211	B	0.00859581	C	0.146193
H	0.799949	B	0.011873	C	0.188178
H	0.753507	B	0.0170041	C	0.229488
H	0.676246	B	0.0248784	C	0.298876
H	0.53747	B	0.0350756	C	0.427455
H	0.315518	B	0.0269135	C	0.657568
H	0.00737206	B	0.00275408	C	0.989874
