H	0.00514022	B	0.00311927	C	0.991741
H	0.171659	B	0.0852756	C	0.743065
H	0.173008	B	0.0620361	C	0.764956
H	0.263643	B	0.0541272	C	0.682229
H	0.357464	B	0.0449369	C	0.597599
H	0.531602	B	0.0218561	C	0.446541
H	0.719419	B	0.033835	C	0.246746
H	0.767051	B	0.0741911	C	0.158758
H	0.818651	B	0.12921	C	0.0521385
H	0.836657	B	0.131618	C	0.0317247
H	0.832879	B	0.138907	C	0.0282136
H	0.823574	B	0.136718	C	0.0397077
H	0.78409	B	0.125053	C	0.0908575
H	0.593469	B	0.118801	C	0.28773
H	0.300915	B	0.0540521	C	0.645033
H	0.00607062	B	0.00233166	C	0.991598
