H	0.0127322	B	0.00290138	C	0.984366
H	0.502975	B	0.034395	C	0.46263
H	0.667848	B	0.0298962	C	0.302256
H	0.790245	B	0.029012	C	0.180743
H	0.806819	B	0.0256799	C	0.167501
H	0.838559	B	0.0234697	C	0.137971
H	0.837856	B	0.0220803	C	0.140063
H	0.823136	B	0.0324421	C	0.144422
H	0.78621	B	0.0587753	C	0.155015
H	0.713335	B	0.067651	C	0.219014
H	0.612185	B	0.0720167	C	0.315798
H	0.390386	B	0.0485545	C	0.561059
H	0.0849775	B	0.0183514	C	0.896671
H	0.0414361	B	0.017924	C	0.94064
H	0.00503508	B	0.0030778	C	0.991887
