H	0.00354156	B	0.00214883	C	0.99431
H	0.0607783	B	0.0695678	C	0.869654
H	0.119487	B	0.05938	C	0.821133
H	0.657281	B	0.0500099	C	0.292709
H	0.712978	B	0.0476757	C	0.239347
H	0.774454	B	0.0417795	C	0.183767
H	0.760142	B	0.0680254	C	0.171832
H	0.732748	B	0.0965571	C	0.170695
H	0.704192	B	0.105402	C	0.190406
H	0.626449	B	0.102539	C	0.271012
H	0.569429	B	0.11845	C	0.312121
H	0.465309	B	0.13265	C	0.402041
H	0.302813	B	0.126099	C	0.571088
H	0.266279	B	0.133288	C	0.600433
H	0.34237	B	0.130046	C	0.527585
H	0.298676	B	0.109009	C	0.592315
H	0.259567	B	0.134453	C	0.60598
H	0.182147	B	0.251899	C	0.565954
H	0.117662	B	0.314561	C	0.567777
H	0.0612862	B	0.321155	C	0.617559
H	0.023311	B	0.209857	C	0.766832
H	0.0216076	B	0.0974332	C	0.880959
H	0.021773	B	0.0283889	C	0.949838
H	0.0248709	B	0.0266846	C	0.948445
H	0.0234304	B	0.0278739	C	0.948696
H	0.00320367	B	0.00197108	C	0.994825
