H	0.00353531	B	0.00227976	C	0.994185
H	0.067795	B	0.0826463	C	0.849559
H	0.272557	B	0.0737251	C	0.653718
H	0.362247	B	0.097212	C	0.540541
H	0.390214	B	0.138112	C	0.471674
H	0.364851	B	0.148656	C	0.486493
H	0.369282	B	0.11767	C	0.513048
H	0.704851	B	0.061011	C	0.234138
H	0.756532	B	0.0527901	C	0.190678
H	0.803904	B	0.0407037	C	0.155393
H	0.811235	B	0.0484293	C	0.140335
H	0.795181	B	0.0688281	C	0.135991
H	0.765225	B	0.0775714	C	0.157203
H	0.694639	B	0.0723145	C	0.233046
H	0.6358	B	0.0874777	C	0.276722
H	0.521335	B	0.104727	C	0.373938
H	0.328448	B	0.105692	C	0.56586
H	0.287946	B	0.11503	C	0.597024
H	0.361828	B	0.119384	C	0.518788
H	0.313657	B	0.103008	C	0.583336
H	0.272856	B	0.131127	C	0.596017
H	0.19588	B	0.250301	C	0.553819
H	0.125838	B	0.31747	C	0.556692
H	0.0638859	B	0.326975	C	0.609139
H	0.0238611	B	0.212468	C	0.763671
H	0.0211444	B	0.0978985	C	0.880957
H	0.0214344	B	0.0291638	C	0.949402
H	0.0255012	B	0.0276982	C	0.946801
H	0.0245689	B	0.0289125	C	0.946519
H	0.00309909	B	0.00185263	C	0.995048
