H	0.00428854	B	0.00554707	C	0.990164
H	0.0148606	B	0.0990772	C	0.886062
H	0.0265078	B	0.145603	C	0.827889
H	0.0384777	B	0.159028	C	0.802494
H	0.060817	B	0.218803	C	0.72038
H	0.128891	B	0.538617	C	0.332491
H	0.136207	B	0.719133	C	0.14466
H	0.134852	B	0.740191	C	0.124957
H	0.124247	B	0.699427	C	0.176326
H	0.178293	B	0.49858	C	0.323127
H	0.212118	B	0.326094	C	0.461788
H	0.211108	B	0.221505	C	0.567387
H	0.146377	B	0.11565	C	0.737973
H	0.0347767	B	0.0448626	C	0.920361
H	0.00437645	B	0.00277665	C	0.992847
