H	0.00482611	B	0.00444596	C	0.990728
H	0.0372258	B	0.163339	C	0.799435
H	0.0929627	B	0.343726	C	0.563311
H	0.108509	B	0.479576	C	0.411915
H	0.121998	B	0.576756	C	0.301246
H	0.109965	B	0.588366	C	0.301668
H	0.0972836	B	0.492684	C	0.410032
H	0.0772975	B	0.281642	C	0.641061
H	0.157954	B	0.16438	C	0.677666
H	0.231306	B	0.162869	C	0.605824
H	0.334613	B	0.173554	C	0.491833
H	0.352377	B	0.147708	C	0.499915
H	0.339669	B	0.139925	C	0.520406
H	0.295831	B	0.127716	C	0.576453
H	0.134157	B	0.0457843	C	0.820059
H	0.00494633	B	0.00290309	C	0.992151
