H	0.00388669	B	0.00221133	C	0.993902
H	0.062845	B	0.0381356	C	0.899019
H	0.153649	B	0.0345964	C	0.811754
H	0.853674	B	0.010236	C	0.13609
H	0.895249	B	0.00686031	C	0.0978909
H	0.91995	B	0.00620524	C	0.0738452
H	0.976493	B	0.00354429	C	0.0199627
H	0.983725	B	0.00305594	C	0.0132191
H	0.985903	B	0.00265969	C	0.0114376
H	0.98874	B	0.00217217	C	0.0090874
H	0.989606	B	0.00210173	C	0.00829256
H	0.988893	B	0.00204643	C	0.00906055
H	0.988619	B	0.00209849	C	0.00928265
H	0.987297	B	0.0022615	C	0.0104414
H	0.982952	B	0.00268495	C	0.0143634
H	0.971132	B	0.00286954	C	0.0259983
H	0.919221	B	0.00346484	C	0.0773144
H	0.673946	B	0.00370014	C	0.322354
H	0.195877	B	0.00619435	C	0.797928
H	0.0837343	B	0.00999741	C	0.906268
H	0.00379283	B	0.00201939	C	0.994188
