H	0.003879	B	0.00210024	C	0.994021
H	0.0756502	B	0.0225149	C	0.901835
H	0.115015	B	0.0164525	C	0.868532
H	0.232337	B	0.00731649	C	0.760346
H	0.89137	B	0.00319507	C	0.105435
H	0.968606	B	0.00288812	C	0.0285059
H	0.980868	B	0.00282612	C	0.0163057
H	0.985775	B	0.00327037	C	0.0109546
H	0.98683	B	0.00293932	C	0.010231
H	0.986344	B	0.00317128	C	0.0104846
H	0.984007	B	0.00382198	C	0.0121712
H	0.975542	B	0.00477159	C	0.0196867
H	0.938142	B	0.00552083	C	0.0563374
H	0.790089	B	0.00667902	C	0.203232
H	0.624487	B	0.01414	C	0.361373
H	0.593117	B	0.043033	C	0.36385
H	0.596159	B	0.0823713	C	0.32147
H	0.542387	B	0.0884581	C	0.369155
H	0.353358	B	0.0604351	C	0.586207
H	0.169288	B	0.0244443	C	0.806267
H	0.107988	B	0.0324659	C	0.859546
H	0.100297	B	0.0390156	C	0.860688
H	0.00405066	B	0.00224649	C	0.993703
