H	0.00526836	B	0.00893867	C	0.985793
H	0.0406705	B	0.415524	C	0.543806
H	0.0464456	B	0.565533	C	0.388022
H	0.0782316	B	0.572944	C	0.348824
H	0.070787	B	0.483575	C	0.445637
H	0.0436754	B	0.303897	C	0.652427
H	0.0560899	B	0.181505	C	0.762405
H	0.0751241	B	0.28864	C	0.636235
H	0.0651231	B	0.406184	C	0.528693
H	0.0543966	B	0.353895	C	0.591708
H	0.0418404	B	0.271461	C	0.686698
H	0.0422992	B	0.23822	C	0.719481
H	0.0440122	B	0.277305	C	0.678682
H	0.0454783	B	0.338328	C	0.616193
H	0.0711059	B	0.312255	C	0.61664
H	0.0624729	B	0.253205	C	0.684322
H	0.0524683	B	0.179551	C	0.767981
H	0.00435464	B	0.00364178	C	0.992004
