H	0.00955168	B	0.00245913	C	0.987989
H	0.471301	B	0.0345866	C	0.494112
H	0.627695	B	0.0318417	C	0.340463
H	0.72482	B	0.0462239	C	0.228956
H	0.803717	B	0.0551909	C	0.141092
H	0.818938	B	0.0737271	C	0.107335
H	0.821082	B	0.0925398	C	0.0863779
H	0.815913	B	0.101823	C	0.0822641
H	0.79553	B	0.107159	C	0.0973113
H	0.754951	B	0.0993184	C	0.14573
H	0.711726	B	0.0840745	C	0.2042
H	0.699208	B	0.0803475	C	0.220444
H	0.713412	B	0.0893045	C	0.197284
H	0.694928	B	0.134201	C	0.17087
H	0.655997	B	0.153887	C	0.190116
H	0.531452	B	0.135762	C	0.332785
H	0.313709	B	0.104572	C	0.581719
H	0.0052136	B	0.00236526	C	0.992421
