H	0.00456928	B	0.0041555	C	0.991275
H	0.0132073	B	0.0226311	C	0.964162
H	0.0319037	B	0.0358047	C	0.932292
H	0.0399344	B	0.0566656	C	0.9034
H	0.0697085	B	0.142171	C	0.78812
H	0.0890571	B	0.207459	C	0.703484
H	0.136855	B	0.278493	C	0.584653
H	0.164267	B	0.35922	C	0.476513
H	0.131488	B	0.418441	C	0.45007
H	0.0758168	B	0.395432	C	0.528751
H	0.024803	B	0.267226	C	0.707971
H	0.029648	B	0.199662	C	0.77069
H	0.00636344	B	0.00811649	C	0.98552
