H	0.00415312	B	0.00630511	C	0.989542
H	0.0274169	B	0.148588	C	0.823995
H	0.0920455	B	0.176366	C	0.731589
H	0.150826	B	0.199051	C	0.650123
H	0.155855	B	0.269927	C	0.574218
H	0.140011	B	0.477784	C	0.382205
H	0.107134	B	0.723731	C	0.169135
H	0.111694	B	0.801956	C	0.0863495
H	0.0931974	B	0.829089	C	0.0777136
H	0.0854311	B	0.749841	C	0.164728
H	0.0610686	B	0.52877	C	0.410161
H	0.0369183	B	0.332805	C	0.630276
H	0.0163336	B	0.0815562	C	0.90211
H	0.0251733	B	0.0201449	C	0.954682
H	0.0199644	B	0.0181118	C	0.961924
H	0.0039801	B	0.00259932	C	0.993421
