H	0.00396268	B	0.00213663	C	0.993901
H	0.0853494	B	0.035879	C	0.878772
H	0.247691	B	0.0696308	C	0.682679
H	0.641747	B	0.0743043	C	0.283949
H	0.695555	B	0.0627796	C	0.241666
H	0.73108	B	0.0510978	C	0.217822
H	0.722004	B	0.0338552	C	0.244141
H	0.788052	B	0.0155491	C	0.196399
H	0.908132	B	0.010653	C	0.0812146
H	0.946408	B	0.00989782	C	0.0436937
H	0.967498	B	0.00850879	C	0.0239935
H	0.975524	B	0.00752392	C	0.016952
H	0.975799	B	0.00703788	C	0.017163
H	0.972722	B	0.00650133	C	0.0207766
H	0.965548	B	0.00570174	C	0.0287499
H	0.946572	B	0.00587426	C	0.0475534
H	0.922945	B	0.00668545	C	0.0703699
H	0.850268	B	0.00842081	C	0.141311
H	0.76754	B	0.0128449	C	0.219616
H	0.673721	B	0.0110303	C	0.315249
H	0.481538	B	0.00685679	C	0.511605
H	0.221738	B	0.00707696	C	0.771186
H	0.0601951	B	0.0100218	C	0.929783
H	0.0640943	B	0.0259406	C	0.909965
H	0.00347718	B	0.00235165	C	0.994171
