H	0.00504687	B	0.00235879	C	0.992594
H	0.181098	B	0.0129282	C	0.805974
H	0.495089	B	0.0142878	C	0.490624
H	0.703953	B	0.0354145	C	0.260633
H	0.797363	B	0.0493894	C	0.153247
H	0.878163	B	0.0343598	C	0.0874771
H	0.922344	B	0.0195471	C	0.0581092
H	0.933529	B	0.0127488	C	0.0537223
H	0.949582	B	0.0102489	C	0.0401696
H	0.946484	B	0.0124201	C	0.0410962
H	0.930256	B	0.0148324	C	0.0549118
H	0.87805	B	0.0144018	C	0.107549
H	0.776773	B	0.0161537	C	0.207074
H	0.546644	B	0.0104668	C	0.442889
H	0.321426	B	0.0129527	C	0.665622
H	0.189774	B	0.0368824	C	0.773343
H	0.057695	B	0.0432289	C	0.899076
H	0.0510691	B	0.0437393	C	0.905192
H	0.00463937	B	0.00316143	C	0.992199
