H	0.00407385	B	0.00356015	C	0.992366
H	0.0137476	B	0.117452	C	0.8688
H	0.0121806	B	0.222559	C	0.765261
H	0.00869698	B	0.142374	C	0.848929
H	0.0135729	B	0.0858878	C	0.900539
H	0.0592485	B	0.0800923	C	0.860659
H	0.113536	B	0.122021	C	0.764443
H	0.137114	B	0.274924	C	0.587962
H	0.131085	B	0.338624	C	0.530291
H	0.168441	B	0.300028	C	0.531531
H	0.214987	B	0.192309	C	0.592704
H	0.282757	B	0.137778	C	0.579465
H	0.294291	B	0.213593	C	0.492116
H	0.257436	B	0.331891	C	0.410673
H	0.23777	B	0.437316	C	0.324915
H	0.181629	B	0.460541	C	0.357831
H	0.132332	B	0.366297	C	0.501371
H	0.00504775	B	0.0166826	C	0.97827
