H	0.00502752	B	0.00684367	C	0.988129
H	0.0204341	B	0.253343	C	0.726223
H	0.0234537	B	0.393907	C	0.58264
H	0.0266848	B	0.429311	C	0.544004
H	0.142267	B	0.36149	C	0.496243
H	0.161925	B	0.224035	C	0.61404
H	0.225585	B	0.117264	C	0.65715
H	0.235739	B	0.110888	C	0.653374
H	0.226061	B	0.177795	C	0.596144
H	0.187236	B	0.28805	C	0.524714
H	0.13107	B	0.422402	C	0.446528
H	0.0866908	B	0.526769	C	0.386541
H	0.0694516	B	0.568126	C	0.362422
H	0.0492107	B	0.498053	C	0.452736
H	0.0354559	B	0.335525	C	0.629019
H	0.00450287	B	0.00628123	C	0.989216
