H	0.00711264	B	0.00347429	C	0.989413
H	0.143622	B	0.0516018	C	0.804776
H	0.282796	B	0.0486394	C	0.668564
H	0.597481	B	0.0246516	C	0.377868
H	0.654408	B	0.0238733	C	0.321719
H	0.687196	B	0.0270494	C	0.285755
H	0.634398	B	0.0514903	C	0.314112
H	0.56735	B	0.0829153	C	0.349735
H	0.488732	B	0.106464	C	0.404804
H	0.406056	B	0.100085	C	0.493859
H	0.228746	B	0.0538258	C	0.717428
H	0.0502643	B	0.0196664	C	0.930069
H	0.0258297	B	0.0177275	C	0.956443
H	0.00579556	B	0.00329258	C	0.990912
