H	0.00447223	B	0.00601627	C	0.989512
H	0.0135194	B	0.0299624	C	0.956518
H	0.0232232	B	0.0697288	C	0.907048
H	0.0304753	B	0.183077	C	0.786448
H	0.0540576	B	0.476668	C	0.469275
H	0.0474885	B	0.711737	C	0.240775
H	0.0633359	B	0.784865	C	0.151799
H	0.060861	B	0.812926	C	0.126213
H	0.0560123	B	0.707586	C	0.236402
H	0.0345753	B	0.518381	C	0.447044
H	0.0186535	B	0.279934	C	0.701413
H	0.022024	B	0.184818	C	0.793158
H	0.00548447	B	0.00605536	C	0.98846
