H	0.00911013	B	0.00497554	C	0.985914
H	0.149253	B	0.0827688	C	0.767979
H	0.240876	B	0.123488	C	0.635636
H	0.343964	B	0.171139	C	0.484897
H	0.366853	B	0.194085	C	0.439063
H	0.348324	B	0.202445	C	0.449231
H	0.306464	B	0.221836	C	0.4717
H	0.191369	B	0.220399	C	0.588232
H	0.0797059	B	0.149361	C	0.770933
H	0.0444533	B	0.127132	C	0.828415
H	0.0369885	B	0.0750382	C	0.887973
H	0.00641785	B	0.00411618	C	0.989466
