H	0.0157469	B	0.00847622	C	0.975777
H	0.104476	B	0.352045	C	0.543479
H	0.138677	B	0.473964	C	0.387359
H	0.164637	B	0.488366	C	0.346997
H	0.157722	B	0.461152	C	0.381126
H	0.114436	B	0.354096	C	0.531468
H	0.0769503	B	0.21075	C	0.7123
H	0.0831181	B	0.0922927	C	0.824589
H	0.10285	B	0.0554255	C	0.841724
H	0.146638	B	0.071424	C	0.781938
H	0.273874	B	0.102113	C	0.624013
H	0.325642	B	0.237318	C	0.437039
H	0.33238	B	0.434436	C	0.233184
H	0.325719	B	0.543682	C	0.1306
H	0.340462	B	0.574341	C	0.0851972
H	0.261656	B	0.524295	C	0.214049
H	0.163801	B	0.380698	C	0.455501
H	0.00514793	B	0.00968318	C	0.985169
