H	0.00594221	B	0.00264182	C	0.991416
H	0.231809	B	0.0155336	C	0.752658
H	0.733908	B	0.0138411	C	0.25225
H	0.810756	B	0.0241833	C	0.165061
H	0.854845	B	0.0387041	C	0.106451
H	0.901568	B	0.0690522	C	0.0293802
H	0.907788	B	0.0730408	C	0.0191711
H	0.904657	B	0.0756986	C	0.0196445
H	0.908863	B	0.0632838	C	0.0278533
H	0.884694	B	0.0544689	C	0.0608366
H	0.816151	B	0.0384061	C	0.145443
H	0.619307	B	0.0222703	C	0.358423
H	0.362465	B	0.0104167	C	0.627118
H	0.262096	B	0.0127503	C	0.725154
H	0.169425	B	0.0229167	C	0.807658
H	0.0534334	B	0.0233085	C	0.923258
H	0.00487929	B	0.00294186	C	0.992179
