H	0.00479552	B	0.00234377	C	0.992861
H	0.210054	B	0.0751404	C	0.714806
H	0.323943	B	0.108156	C	0.567901
H	0.378311	B	0.115911	C	0.505778
H	0.480702	B	0.111951	C	0.407347
H	0.820188	B	0.0567077	C	0.123105
H	0.84652	B	0.0460405	C	0.10744
H	0.881281	B	0.0323408	C	0.086378
H	0.930297	B	0.0146047	C	0.0550984
H	0.936782	B	0.0128415	C	0.0503765
H	0.943301	B	0.011913	C	0.0447859
H	0.952394	B	0.0120701	C	0.0355356
H	0.941383	B	0.0122717	C	0.0463455
H	0.910304	B	0.00949066	C	0.0802058
H	0.862741	B	0.0132003	C	0.124058
H	0.734409	B	0.0228405	C	0.242751
H	0.592737	B	0.0548599	C	0.352403
H	0.501967	B	0.0744776	C	0.423555
H	0.343533	B	0.0715361	C	0.584931
H	0.157146	B	0.034806	C	0.808048
H	0.00433061	B	0.0021397	C	0.99353
