H	0.00530298	B	0.00312165	C	0.991575
H	0.21884	B	0.0734525	C	0.707707
H	0.431944	B	0.0742139	C	0.493843
H	0.481142	B	0.10115	C	0.417708
H	0.490447	B	0.137847	C	0.371706
H	0.463768	B	0.137725	C	0.398508
H	0.412329	B	0.159584	C	0.428088
H	0.383487	B	0.175139	C	0.441375
H	0.276919	B	0.199259	C	0.523822
H	0.234552	B	0.216622	C	0.548826
H	0.441041	B	0.235661	C	0.323297
H	0.461305	B	0.283872	C	0.254823
H	0.423622	B	0.318478	C	0.2579
H	0.323022	B	0.295768	C	0.38121
H	0.112203	B	0.271599	C	0.616197
H	0.0553021	B	0.228671	C	0.716027
H	0.00452071	B	0.00534255	C	0.990137
