H	0.00328558	B	0.00192158	C	0.994793
H	0.0247407	B	0.10646	C	0.868799
H	0.0421553	B	0.279692	C	0.678153
H	0.0734137	B	0.288248	C	0.638338
H	0.338196	B	0.282905	C	0.378899
H	0.359403	B	0.320562	C	0.320035
H	0.32206	B	0.376746	C	0.301194
H	0.237839	B	0.413995	C	0.348166
H	0.22688	B	0.398617	C	0.374503
H	0.214038	B	0.323127	C	0.462834
H	0.199334	B	0.282827	C	0.51784
H	0.172042	B	0.240321	C	0.587638
H	0.114788	B	0.192208	C	0.693004
H	0.12928	B	0.257645	C	0.613075
H	0.126434	B	0.338616	C	0.53495
H	0.103746	B	0.325242	C	0.571013
H	0.0840151	B	0.36947	C	0.546515
H	0.0629656	B	0.491781	C	0.445254
H	0.0416962	B	0.520107	C	0.438197
H	0.0258432	B	0.444241	C	0.529916
H	0.0151578	B	0.222883	C	0.761959
H	0.0171393	B	0.0942863	C	0.888574
H	0.0209799	B	0.0473429	C	0.931677
H	0.0293413	B	0.086135	C	0.884524
H	0.0319405	B	0.228513	C	0.739546
H	0.0449946	B	0.595828	C	0.359178
H	0.0415226	B	0.767731	C	0.190746
H	0.0408677	B	0.798534	C	0.160599
H	0.040948	B	0.761413	C	0.197639
H	0.0503737	B	0.618796	C	0.330831
H	0.126988	B	0.442818	C	0.430194
H	0.164971	B	0.346781	C	0.488248
H	0.150879	B	0.383922	C	0.465199
H	0.10068	B	0.314693	C	0.584628
H	0.0461183	B	0.18966	C	0.764222
H	0.00303365	B	0.0023865	C	0.99458
