H	0.0260155	B	0.00270422	C	0.97128
H	0.391603	B	0.042632	C	0.565765
H	0.582772	B	0.0462281	C	0.370999
H	0.868737	B	0.015334	C	0.115929
H	0.901461	B	0.0114818	C	0.0870569
H	0.945107	B	0.00842843	C	0.0464643
H	0.950095	B	0.00922083	C	0.0406844
H	0.926684	B	0.0105926	C	0.0627235
H	0.875327	B	0.0130659	C	0.111607
H	0.79484	B	0.0154744	C	0.189686
H	0.682291	B	0.0333578	C	0.284351
H	0.641861	B	0.088431	C	0.269708
H	0.634315	B	0.134879	C	0.230806
H	0.601001	B	0.173494	C	0.225505
H	0.474413	B	0.175145	C	0.350441
H	0.281715	B	0.171411	C	0.546875
H	0.007259	B	0.00450986	C	0.988231
