H	0.00397522	B	0.00530053	C	0.990724
H	0.0134169	B	0.0890162	C	0.897567
H	0.0201126	B	0.0541199	C	0.925768
H	0.0865072	B	0.0975473	C	0.815946
H	0.139488	B	0.367987	C	0.492524
H	0.145224	B	0.615988	C	0.238789
H	0.134638	B	0.743986	C	0.121376
H	0.122383	B	0.78178	C	0.0958368
H	0.121186	B	0.720155	C	0.158659
H	0.168798	B	0.508659	C	0.322542
H	0.199975	B	0.33659	C	0.463435
H	0.199304	B	0.225823	C	0.574872
H	0.138773	B	0.115898	C	0.74533
H	0.0346943	B	0.0456779	C	0.919628
H	0.00441311	B	0.00273385	C	0.992853
