H	0.00542244	B	0.00493852	C	0.989639
H	0.0255678	B	0.102473	C	0.871959
H	0.0365796	B	0.305052	C	0.658368
H	0.0364545	B	0.52138	C	0.442166
H	0.0391222	B	0.587864	C	0.373014
H	0.0303366	B	0.499421	C	0.470242
H	0.022688	B	0.312549	C	0.664763
H	0.0914112	B	0.136378	C	0.772211
H	0.164286	B	0.0365754	C	0.799139
H	0.150575	B	0.0251215	C	0.824304
H	0.0894811	B	0.0487023	C	0.861817
H	0.0169207	B	0.0328717	C	0.950208
H	0.00490425	B	0.00384937	C	0.991246
