H	0.0320972	B	0.00210295	C	0.9658
H	0.593171	B	0.0139965	C	0.392833
H	0.767775	B	0.00724075	C	0.224984
H	0.909112	B	0.00587428	C	0.0850137
H	0.94049	B	0.00488751	C	0.0546229
H	0.959138	B	0.00432607	C	0.0365355
H	0.972657	B	0.00481788	C	0.0225256
H	0.975104	B	0.00736276	C	0.0175335
H	0.976624	B	0.00994526	C	0.0134306
H	0.974377	B	0.012835	C	0.0127882
H	0.969925	B	0.0133535	C	0.0167219
H	0.95518	B	0.0150676	C	0.0297524
H	0.918198	B	0.0131762	C	0.0686253
H	0.852878	B	0.0102036	C	0.136918
H	0.75628	B	0.00662626	C	0.237094
H	0.564214	B	0.00776682	C	0.42802
H	0.306134	B	0.0106608	C	0.683205
H	0.00560984	B	0.00195377	C	0.992436
