H	0.00441765	B	0.00567024	C	0.989912
H	0.0167365	B	0.126376	C	0.856887
H	0.0221809	B	0.14822	C	0.829599
H	0.0181907	B	0.0867301	C	0.895079
H	0.0563888	B	0.0935679	C	0.850043
H	0.082266	B	0.321449	C	0.596285
H	0.0788096	B	0.541047	C	0.380143
H	0.0842831	B	0.667476	C	0.248241
H	0.0841101	B	0.735769	C	0.180121
H	0.0740146	B	0.629109	C	0.296877
H	0.0570257	B	0.462544	C	0.480431
H	0.034981	B	0.317576	C	0.647443
H	0.0182781	B	0.129394	C	0.852328
H	0.0397462	B	0.0684371	C	0.891817
H	0.0377192	B	0.0312989	C	0.930982
H	0.00460318	B	0.00260232	C	0.992795
