H	0.00441861	B	0.00588923	C	0.989692
H	0.0403474	B	0.216222	C	0.74343
H	0.0742929	B	0.215242	C	0.710465
H	0.110137	B	0.227827	C	0.662036
H	0.117517	B	0.206341	C	0.676143
H	0.104222	B	0.171525	C	0.724252
H	0.124558	B	0.219405	C	0.656037
H	0.155748	B	0.240177	C	0.604075
H	0.141468	B	0.230668	C	0.627863
H	0.125376	B	0.256068	C	0.618556
H	0.0909837	B	0.325891	C	0.583126
H	0.0541139	B	0.345097	C	0.600789
H	0.0280629	B	0.289493	C	0.682444
H	0.0132067	B	0.149233	C	0.83756
H	0.0158492	B	0.0493096	C	0.934841
H	0.0149627	B	0.0209432	C	0.964094
H	0.0190492	B	0.0223008	C	0.95865
H	0.00427004	B	0.0040158	C	0.991714
