H	0.015456	B	0.00219821	C	0.982346
H	0.380676	B	0.0136178	C	0.605706
H	0.66043	B	0.00679237	C	0.332778
H	0.952874	B	0.00357626	C	0.0435501
H	0.976737	B	0.00285645	C	0.0204061
H	0.984616	B	0.00262968	C	0.0127548
H	0.988344	B	0.00233578	C	0.00932055
H	0.988409	B	0.00228357	C	0.00930738
H	0.987288	B	0.0024792	C	0.0102331
H	0.984902	B	0.00292574	C	0.0121723
H	0.976498	B	0.00312045	C	0.0203811
H	0.95429	B	0.00339689	C	0.0423131
H	0.890225	B	0.003587	C	0.106188
H	0.839363	B	0.00380511	C	0.156832
H	0.761024	B	0.00463143	C	0.234344
H	0.593871	B	0.00732018	C	0.398809
H	0.358028	B	0.011157	C	0.630815
H	0.00599874	B	0.00198243	C	0.992019
