H	0.0131284	B	0.00217458	C	0.984697
H	0.384125	B	0.0145913	C	0.601284
H	0.701361	B	0.0103887	C	0.288251
H	0.954172	B	0.00405765	C	0.0417701
H	0.976999	B	0.00303456	C	0.0199668
H	0.984895	B	0.00267554	C	0.0124299
H	0.988524	B	0.00234093	C	0.00913463
H	0.988884	B	0.0022726	C	0.0088431
H	0.987919	B	0.00242233	C	0.00965909
H	0.985994	B	0.00280427	C	0.0112017
H	0.979484	B	0.00306233	C	0.0174539
H	0.962059	B	0.00325408	C	0.0346871
H	0.906993	B	0.00339718	C	0.0896097
H	0.857478	B	0.00361534	C	0.138907
H	0.77956	B	0.00420522	C	0.216235
H	0.609661	B	0.0065074	C	0.383831
H	0.368872	B	0.0104028	C	0.620725
H	0.00580177	B	0.00195538	C	0.992243
