H	0.0109208	B	0.00251831	C	0.986561
H	0.456731	B	0.00915351	C	0.534115
H	0.644888	B	0.00591159	C	0.349201
H	0.775622	B	0.00923417	C	0.215144
H	0.835402	B	0.0100961	C	0.154502
H	0.85421	B	0.00798432	C	0.137805
H	0.882024	B	0.00950954	C	0.108467
H	0.950064	B	0.00659927	C	0.0433363
H	0.958708	B	0.00660814	C	0.0346842
H	0.952881	B	0.00729476	C	0.039824
H	0.946085	B	0.00716009	C	0.0467545
H	0.896369	B	0.00794413	C	0.0956864
H	0.721042	B	0.0093777	C	0.26958
H	0.466015	B	0.0114817	C	0.522503
H	0.0087933	B	0.00222041	C	0.988986
