H	0.00452818	B	0.00574302	C	0.989729
H	0.0388778	B	0.157756	C	0.803366
H	0.062706	B	0.222134	C	0.71516
H	0.173159	B	0.252071	C	0.57477
H	0.192874	B	0.323073	C	0.484053
H	0.185446	B	0.485854	C	0.3287
H	0.173383	B	0.670972	C	0.155645
H	0.159091	B	0.750856	C	0.0900532
H	0.13819	B	0.777545	C	0.0842648
H	0.148823	B	0.694211	C	0.156966
H	0.181832	B	0.501016	C	0.317153
H	0.207906	B	0.328724	C	0.46337
H	0.198674	B	0.213759	C	0.587568
H	0.118971	B	0.0807598	C	0.800269
H	0.00548268	B	0.00318944	C	0.991328
