H	0.00363643	B	0.00212856	C	0.994235
H	0.0588576	B	0.0137601	C	0.927382
H	0.103902	B	0.00648974	C	0.889608
H	0.458504	B	0.00389203	C	0.537604
H	0.952524	B	0.00245714	C	0.0450193
H	0.97672	B	0.00250482	C	0.0207756
H	0.985013	B	0.00253056	C	0.0124566
H	0.988379	B	0.00253808	C	0.00908315
H	0.988359	B	0.00241296	C	0.00922823
H	0.988015	B	0.0025197	C	0.00946497
H	0.986818	B	0.00268727	C	0.0104948
H	0.981533	B	0.00274718	C	0.0157201
H	0.968929	B	0.00296499	C	0.0281062
H	0.939823	B	0.00360547	C	0.0565711
H	0.914826	B	0.00437592	C	0.0807977
H	0.872635	B	0.00478292	C	0.122583
H	0.816542	B	0.00592861	C	0.17753
H	0.754547	B	0.00877664	C	0.236676
H	0.620226	B	0.0210927	C	0.358681
H	0.428429	B	0.0326328	C	0.538939
H	0.231916	B	0.0386315	C	0.729453
H	0.00447055	B	0.00233677	C	0.993193
