H	0.00409709	B	0.0112986	C	0.984604
H	0.0327475	B	0.439673	C	0.52758
H	0.0311483	B	0.645101	C	0.32375
H	0.0338517	B	0.693835	C	0.272313
H	0.0568804	B	0.720057	C	0.223063
H	0.0498798	B	0.719598	C	0.230522
H	0.0330441	B	0.595686	C	0.37127
H	0.0326024	B	0.400569	C	0.566829
H	0.0394109	B	0.211144	C	0.749445
H	0.0439407	B	0.159968	C	0.796091
H	0.0473346	B	0.169369	C	0.783296
H	0.0424124	B	0.235896	C	0.721692
H	0.0418507	B	0.433254	C	0.524895
H	0.03753	B	0.580697	C	0.381773
H	0.038609	B	0.566346	C	0.395045
H	0.0464214	B	0.531622	C	0.421956
H	0.0446251	B	0.564581	C	0.390794
H	0.0375461	B	0.519013	C	0.443441
H	0.0236985	B	0.325142	C	0.651159
H	0.00353813	B	0.00782445	C	0.988637
