H	0.00373105	B	0.00273843	C	0.993531
H	0.0339096	B	0.0374534	C	0.928637
H	0.286442	B	0.0609477	C	0.65261
H	0.38847	B	0.193615	C	0.417915
H	0.398624	B	0.269136	C	0.332241
H	0.35596	B	0.271662	C	0.372378
H	0.335749	B	0.202894	C	0.461358
H	0.305944	B	0.132863	C	0.561194
H	0.315806	B	0.169979	C	0.514215
H	0.36847	B	0.259812	C	0.371718
H	0.367753	B	0.358645	C	0.273601
H	0.403915	B	0.412913	C	0.183172
H	0.334104	B	0.42122	C	0.244675
H	0.239128	B	0.38883	C	0.372042
H	0.201129	B	0.273569	C	0.525302
H	0.204099	B	0.10857	C	0.687331
H	0.23484	B	0.0434993	C	0.721661
H	0.183463	B	0.0475078	C	0.76903
H	0.101466	B	0.0479983	C	0.850536
H	0.00369138	B	0.00223568	C	0.994073
