H	0.0105819	B	0.0026039	C	0.986814
H	0.442188	B	0.0593498	C	0.498462
H	0.593706	B	0.0762253	C	0.330068
H	0.689257	B	0.0914852	C	0.219257
H	0.792132	B	0.0892281	C	0.11864
H	0.815617	B	0.0958502	C	0.0885328
H	0.864325	B	0.0876872	C	0.0479881
H	0.880981	B	0.0838201	C	0.0351984
H	0.872808	B	0.0870143	C	0.0401778
H	0.87084	B	0.0764173	C	0.052743
H	0.855486	B	0.0629329	C	0.0815814
H	0.819793	B	0.0562981	C	0.123908
H	0.751201	B	0.059686	C	0.189113
H	0.670663	B	0.0469484	C	0.282389
H	0.603136	B	0.040872	C	0.355992
H	0.468821	B	0.0393145	C	0.491864
H	0.268342	B	0.0328103	C	0.698847
H	0.00478894	B	0.00235336	C	0.992858
