H	0.00498688	B	0.00272364	C	0.992289
H	0.117286	B	0.066012	C	0.816702
H	0.178109	B	0.039221	C	0.78267
H	0.601821	B	0.0263455	C	0.371834
H	0.699673	B	0.0229696	C	0.277357
H	0.782646	B	0.0220557	C	0.195298
H	0.864017	B	0.0292758	C	0.106707
H	0.902964	B	0.0272775	C	0.069759
H	0.904177	B	0.0294284	C	0.0663944
H	0.915586	B	0.0261442	C	0.05827
H	0.893197	B	0.0276341	C	0.0791693
H	0.817773	B	0.0259083	C	0.156318
H	0.768789	B	0.0170745	C	0.214137
H	0.669422	B	0.0127423	C	0.317835
H	0.577274	B	0.0204023	C	0.402324
H	0.420201	B	0.0287259	C	0.551073
H	0.222714	B	0.0259069	C	0.751379
H	0.00567812	B	0.002497	C	0.991825
