H	0.0220792	B	0.00241042	C	0.97551
H	0.358414	B	0.0403823	C	0.601204
H	0.711061	B	0.0537692	C	0.23517
H	0.791811	B	0.0707321	C	0.137456
H	0.832606	B	0.0614698	C	0.105925
H	0.821912	B	0.067631	C	0.110457
H	0.787384	B	0.0675228	C	0.145093
H	0.753093	B	0.0521729	C	0.194734
H	0.713432	B	0.0318672	C	0.254701
H	0.736255	B	0.0204414	C	0.243303
H	0.695174	B	0.0198946	C	0.284931
H	0.66922	B	0.0287421	C	0.302038
H	0.647089	B	0.0684706	C	0.284441
H	0.625216	B	0.124418	C	0.250366
H	0.600142	B	0.157137	C	0.242721
H	0.510599	B	0.161968	C	0.327432
H	0.360806	B	0.136663	C	0.502531
H	0.00691178	B	0.0036995	C	0.989389
