H	0.00984237	B	0.030234	C	0.959924
H	0.0403386	B	0.47998	C	0.479682
H	0.0306725	B	0.634822	C	0.334506
H	0.0619428	B	0.593573	C	0.344484
H	0.0622037	B	0.426753	C	0.511044
H	0.0667021	B	0.241485	C	0.691813
H	0.0774964	B	0.109267	C	0.813237
H	0.0450808	B	0.0652053	C	0.889714
H	0.0196639	B	0.0593387	C	0.920997
H	0.0115746	B	0.066244	C	0.922181
H	0.0139516	B	0.0592121	C	0.926836
H	0.00539468	B	0.00455032	C	0.990055
