H	0.00415595	B	0.00561678	C	0.990227
H	0.0273539	B	0.140157	C	0.832489
H	0.109201	B	0.165888	C	0.724911
H	0.201853	B	0.179171	C	0.618976
H	0.220995	B	0.240585	C	0.53842
H	0.212203	B	0.423725	C	0.364072
H	0.165671	B	0.654071	C	0.180258
H	0.172309	B	0.727837	C	0.0998544
H	0.156449	B	0.751364	C	0.092187
H	0.154121	B	0.659786	C	0.186092
H	0.174048	B	0.450269	C	0.375682
H	0.172709	B	0.298728	C	0.528563
H	0.126311	B	0.184528	C	0.689161
H	0.0206368	B	0.0635265	C	0.915837
H	0.0199995	B	0.0358053	C	0.944195
H	0.00397535	B	0.00258604	C	0.993439
