H	0.00603482	B	0.00301956	C	0.990946
H	0.200831	B	0.0139302	C	0.785238
H	0.498963	B	0.0141941	C	0.486843
H	0.719097	B	0.0382789	C	0.242624
H	0.750732	B	0.0689931	C	0.180275
H	0.76948	B	0.0993638	C	0.131156
H	0.736678	B	0.122232	C	0.141089
H	0.646247	B	0.11932	C	0.234433
H	0.550445	B	0.100971	C	0.348584
H	0.369453	B	0.0829985	C	0.547548
H	0.228394	B	0.0681642	C	0.703442
H	0.24786	B	0.0633469	C	0.688793
H	0.227898	B	0.0640944	C	0.708007
H	0.144186	B	0.0581528	C	0.797661
H	0.00654736	B	0.00367668	C	0.989776
