H	0.00486705	B	0.00384421	C	0.991289
H	0.0757798	B	0.217879	C	0.706341
H	0.112823	B	0.301687	C	0.58549
H	0.129103	B	0.278401	C	0.592496
H	0.0683824	B	0.214389	C	0.717228
H	0.0624087	B	0.147721	C	0.78987
H	0.067199	B	0.0897637	C	0.843037
H	0.358437	B	0.12656	C	0.515003
H	0.435877	B	0.274732	C	0.289391
H	0.472136	B	0.344428	C	0.183436
H	0.445454	B	0.361988	C	0.192558
H	0.367057	B	0.360249	C	0.272694
H	0.276741	B	0.297438	C	0.425821
H	0.152194	B	0.18995	C	0.657857
H	0.159071	B	0.161568	C	0.679361
H	0.175607	B	0.160637	C	0.663756
H	0.112414	B	0.125454	C	0.762132
H	0.0541775	B	0.0727936	C	0.873029
H	0.0383227	B	0.0848189	C	0.876858
H	0.00385587	B	0.00304672	C	0.993097
