H	0.00307162	B	0.00217153	C	0.994757
H	0.0654448	B	0.059837	C	0.874718
H	0.156234	B	0.213025	C	0.630741
H	0.221222	B	0.48026	C	0.298518
H	0.225254	B	0.629502	C	0.145244
H	0.252676	B	0.673124	C	0.0742006
H	0.274251	B	0.681497	C	0.0442522
H	0.279507	B	0.674775	C	0.0457173
H	0.307933	B	0.635	C	0.0570668
H	0.329277	B	0.584422	C	0.0863017
H	0.362749	B	0.484739	C	0.152512
H	0.357032	B	0.417582	C	0.225386
H	0.36009	B	0.389396	C	0.250514
H	0.314029	B	0.3902	C	0.295771
H	0.311585	B	0.353996	C	0.334419
H	0.341098	B	0.289994	C	0.368908
H	0.332493	B	0.243038	C	0.42447
H	0.33953	B	0.222968	C	0.437501
H	0.287186	B	0.145248	C	0.567566
H	0.242006	B	0.102335	C	0.655659
H	0.246195	B	0.0907639	C	0.663041
H	0.319518	B	0.0766189	C	0.603863
H	0.44562	B	0.142049	C	0.412331
H	0.431363	B	0.309354	C	0.259283
H	0.448605	B	0.471433	C	0.0799618
H	0.465227	B	0.495885	C	0.0388882
H	0.466242	B	0.49862	C	0.035138
H	0.488417	B	0.460302	C	0.0512817
H	0.40675	B	0.403074	C	0.190176
H	0.242985	B	0.294344	C	0.462672
H	0.0033513	B	0.00258435	C	0.994064
