H	0.00533258	B	0.00236991	C	0.992298
H	0.150001	B	0.0253781	C	0.824621
H	0.330177	B	0.0273127	C	0.64251
H	0.713196	B	0.0434279	C	0.243376
H	0.780418	B	0.0453029	C	0.174279
H	0.832629	B	0.0501546	C	0.117217
H	0.881197	B	0.0509322	C	0.0678708
H	0.893219	B	0.0651172	C	0.041664
H	0.893939	B	0.078505	C	0.0275562
H	0.889895	B	0.0924299	C	0.0176749
H	0.881878	B	0.103035	C	0.015087
H	0.873193	B	0.106759	C	0.0200481
H	0.857983	B	0.107197	C	0.0348198
H	0.826277	B	0.090459	C	0.0832638
H	0.816217	B	0.0596244	C	0.124159
H	0.736056	B	0.0519519	C	0.211992
H	0.52758	B	0.028125	C	0.444295
H	0.279991	B	0.0172949	C	0.702714
H	0.00529401	B	0.00191298	C	0.992793
