H	0.00521409	B	0.00638603	C	0.9884
H	0.0120793	B	0.0350629	C	0.952858
H	0.230495	B	0.0264337	C	0.743071
H	0.336538	B	0.0397833	C	0.623679
H	0.434094	B	0.0880359	C	0.477871
H	0.373196	B	0.206702	C	0.420102
H	0.358427	B	0.304446	C	0.337128
H	0.437363	B	0.313955	C	0.248682
H	0.433377	B	0.28284	C	0.283783
H	0.378689	B	0.227459	C	0.393852
H	0.223662	B	0.153248	C	0.62309
H	0.00863027	B	0.00458979	C	0.98678
