H	0.00379516	B	0.00278248	C	0.993422
H	0.0674946	B	0.174073	C	0.758432
H	0.140072	B	0.329475	C	0.530454
H	0.170779	B	0.348065	C	0.481156
H	0.195846	B	0.337419	C	0.466735
H	0.181197	B	0.303438	C	0.515365
H	0.165593	B	0.275489	C	0.558918
H	0.144904	B	0.229238	C	0.625857
H	0.115707	B	0.176511	C	0.707782
H	0.132396	B	0.21683	C	0.650774
H	0.154142	B	0.24734	C	0.598518
H	0.13226	B	0.236198	C	0.631543
H	0.115872	B	0.267364	C	0.616765
H	0.0845775	B	0.358118	C	0.557305
H	0.0528781	B	0.383708	C	0.563414
H	0.0287258	B	0.316419	C	0.654855
H	0.0144659	B	0.17248	C	0.813054
H	0.018	B	0.0685855	C	0.913414
H	0.0203476	B	0.0303294	C	0.949323
H	0.0285899	B	0.0515456	C	0.919864
H	0.0298782	B	0.130464	C	0.839658
H	0.039815	B	0.270548	C	0.689637
H	0.0275033	B	0.246804	C	0.725693
H	0.00337483	B	0.0057446	C	0.990881
