H	0.00403472	B	0.00334197	C	0.992623
H	0.0131486	B	0.0278751	C	0.958976
H	0.142272	B	0.0323887	C	0.825339
H	0.228752	B	0.0584601	C	0.712788
H	0.298417	B	0.100812	C	0.600771
H	0.286647	B	0.18132	C	0.532033
H	0.229725	B	0.23973	C	0.530545
H	0.205345	B	0.214665	C	0.57999
H	0.319146	B	0.171205	C	0.509648
H	0.296162	B	0.168079	C	0.53576
H	0.253408	B	0.153199	C	0.593393
H	0.188544	B	0.144077	C	0.667379
H	0.187543	B	0.110206	C	0.702251
H	0.21018	B	0.0568211	C	0.732999
H	0.17108	B	0.0537957	C	0.775124
H	0.103527	B	0.0528211	C	0.843652
H	0.00476039	B	0.00331957	C	0.99192
