H	0.00323875	B	0.00226624	C	0.994495
H	0.0347787	B	0.147097	C	0.818124
H	0.0312092	B	0.241035	C	0.727755
H	0.0307524	B	0.284203	C	0.685045
H	0.0125153	B	0.169717	C	0.817768
H	0.0162943	B	0.0792617	C	0.904444
H	0.0187716	B	0.0480929	C	0.933136
H	0.0234498	B	0.0899664	C	0.886584
H	0.0202234	B	0.228757	C	0.75102
H	0.0210041	B	0.612221	C	0.366775
H	0.0200937	B	0.850062	C	0.129844
H	0.0246231	B	0.910949	C	0.064428
H	0.0235152	B	0.932083	C	0.0444018
H	0.0228082	B	0.912841	C	0.0643507
H	0.0227004	B	0.798903	C	0.178397
H	0.0216503	B	0.46915	C	0.509199
H	0.0473261	B	0.365504	C	0.58717
H	0.0781999	B	0.305667	C	0.616133
H	0.106133	B	0.232494	C	0.661372
H	0.387731	B	0.183398	C	0.42887
H	0.415514	B	0.227113	C	0.357373
H	0.395936	B	0.29801	C	0.306054
H	0.315327	B	0.338484	C	0.34619
H	0.296222	B	0.342243	C	0.361535
H	0.264951	B	0.294221	C	0.440828
H	0.229148	B	0.27125	C	0.499602
H	0.178961	B	0.238689	C	0.58235
H	0.109076	B	0.206087	C	0.684837
H	0.116178	B	0.282357	C	0.601465
H	0.112351	B	0.37143	C	0.516219
H	0.095224	B	0.357035	C	0.547741
H	0.0779243	B	0.395594	C	0.526482
H	0.0584511	B	0.526275	C	0.415274
H	0.0382414	B	0.547943	C	0.413816
H	0.0246816	B	0.465444	C	0.509875
H	0.0139552	B	0.235152	C	0.750893
H	0.0178881	B	0.0978789	C	0.884233
H	0.0214699	B	0.0430432	C	0.935487
H	0.0310938	B	0.0688467	C	0.900059
H	0.0312447	B	0.169643	C	0.799112
H	0.0384853	B	0.360394	C	0.601121
H	0.0242898	B	0.322814	C	0.652896
H	0.0029532	B	0.00478843	C	0.992258
