H	0.00404033	B	0.00645063	C	0.989509
H	0.014098	B	0.0434648	C	0.942437
H	0.221174	B	0.0530451	C	0.725781
H	0.306453	B	0.168303	C	0.525244
H	0.344445	B	0.34031	C	0.315245
H	0.284571	B	0.532343	C	0.183086
H	0.254153	B	0.652512	C	0.0933345
H	0.219571	B	0.694455	C	0.0859739
H	0.207456	B	0.64715	C	0.145394
H	0.252204	B	0.462228	C	0.285568
H	0.271849	B	0.306024	C	0.422126
H	0.256678	B	0.210845	C	0.532477
H	0.169472	B	0.106063	C	0.724465
H	0.0394239	B	0.041776	C	0.9188
H	0.00437039	B	0.00263935	C	0.99299
