H	0.0234156	B	0.00684572	C	0.969739
H	0.22708	B	0.251374	C	0.521546
H	0.389245	B	0.413291	C	0.197464
H	0.477462	B	0.418079	C	0.104459
H	0.516967	B	0.411899	C	0.0711342
H	0.515024	B	0.407059	C	0.0779167
H	0.477841	B	0.401593	C	0.120566
H	0.398639	B	0.359258	C	0.242104
H	0.325149	B	0.25364	C	0.421211
H	0.274986	B	0.128507	C	0.596507
H	0.237872	B	0.107851	C	0.654276
H	0.108467	B	0.0511477	C	0.840385
H	0.00568957	B	0.00301312	C	0.991297
