H	0.00450789	B	0.0121501	C	0.983342
H	0.019812	B	0.256178	C	0.72401
H	0.0234422	B	0.271263	C	0.705295
H	0.0589469	B	0.268173	C	0.67288
H	0.081172	B	0.225224	C	0.693604
H	0.114132	B	0.292793	C	0.593075
H	0.124406	B	0.474561	C	0.401033
H	0.157332	B	0.597993	C	0.244675
H	0.156198	B	0.62564	C	0.218163
H	0.164241	B	0.520854	C	0.314906
H	0.144623	B	0.431835	C	0.423542
H	0.176168	B	0.453643	C	0.370189
H	0.176747	B	0.482591	C	0.340662
H	0.141471	B	0.428447	C	0.430082
H	0.0857881	B	0.325117	C	0.589095
H	0.00502839	B	0.00488262	C	0.990089
