H	0.0053804	B	0.00624436	C	0.988375
H	0.0503592	B	0.321883	C	0.627758
H	0.0475411	B	0.501545	C	0.450914
H	0.0774023	B	0.667578	C	0.25502
H	0.0966431	B	0.711609	C	0.191748
H	0.0796382	B	0.707876	C	0.212486
H	0.0550698	B	0.582938	C	0.361992
H	0.0585074	B	0.35152	C	0.589973
H	0.102794	B	0.167266	C	0.729939
H	0.135914	B	0.114177	C	0.74991
H	0.0854609	B	0.123602	C	0.790937
H	0.0300911	B	0.137558	C	0.832351
H	0.0208679	B	0.254355	C	0.724778
H	0.0123559	B	0.23195	C	0.755694
H	0.0169799	B	0.176771	C	0.806249
H	0.00463623	B	0.00460373	C	0.99076
