H	0.00413603	B	0.00412932	C	0.991735
H	0.0146251	B	0.0322503	C	0.953125
H	0.0393922	B	0.0415782	C	0.91903
H	0.136719	B	0.0726611	C	0.79062
H	0.202032	B	0.126395	C	0.671573
H	0.267731	B	0.25358	C	0.47869
H	0.274437	B	0.355282	C	0.370281
H	0.254306	B	0.422671	C	0.323023
H	0.247029	B	0.432178	C	0.320793
H	0.239749	B	0.476623	C	0.283628
H	0.201962	B	0.427735	C	0.370303
H	0.159145	B	0.369675	C	0.471179
H	0.114135	B	0.347553	C	0.538312
H	0.0555053	B	0.232715	C	0.71178
H	0.00470256	B	0.00384149	C	0.991456
