H	0.00437663	B	0.00318843	C	0.992435
H	0.166405	B	0.38397	C	0.449625
H	0.230483	B	0.541758	C	0.227759
H	0.331242	B	0.544371	C	0.124387
H	0.329589	B	0.541938	C	0.128473
H	0.271847	B	0.491303	C	0.23685
H	0.207901	B	0.362741	C	0.429357
H	0.176733	B	0.181939	C	0.641328
H	0.123007	B	0.0982518	C	0.778742
H	0.0967644	B	0.0619073	C	0.841328
H	0.12925	B	0.0732469	C	0.797503
H	0.171138	B	0.144187	C	0.684675
H	0.205366	B	0.393452	C	0.401182
H	0.186737	B	0.557095	C	0.256167
H	0.156086	B	0.682803	C	0.161111
H	0.140146	B	0.723724	C	0.13613
H	0.0943406	B	0.726949	C	0.17871
H	0.0958385	B	0.591907	C	0.312254
H	0.104621	B	0.35042	C	0.544959
H	0.136764	B	0.154231	C	0.709005
H	0.167297	B	0.109069	C	0.723634
H	0.0989402	B	0.128297	C	0.772763
H	0.0340322	B	0.147355	C	0.818613
H	0.0211423	B	0.27746	C	0.701398
H	0.0142159	B	0.259517	C	0.726268
H	0.0178824	B	0.191575	C	0.790543
H	0.00329937	B	0.00280959	C	0.993891
