H	0.00466792	B	0.0018301	C	0.993502
H	0.676705	B	0.00726784	C	0.316027
H	0.827445	B	0.00412515	C	0.16843
H	0.944052	B	0.00368044	C	0.0522677
H	0.974898	B	0.00314075	C	0.0219615
H	0.984996	B	0.00278021	C	0.0122242
H	0.98867	B	0.00228179	C	0.0090483
H	0.990036	B	0.00206588	C	0.00789769
H	0.990409	B	0.00208176	C	0.00750965
H	0.989871	B	0.00214334	C	0.00798585
H	0.98908	B	0.00206102	C	0.00885931
H	0.98742	B	0.00227274	C	0.0103068
H	0.981637	B	0.00277311	C	0.0155903
H	0.965585	B	0.00297398	C	0.0314414
H	0.901437	B	0.00347238	C	0.0950902
H	0.610268	B	0.00379053	C	0.385942
H	0.105433	B	0.00557769	C	0.888989
H	0.060293	B	0.00802675	C	0.93168
H	0.00391511	B	0.00207276	C	0.994012
