H	0.00599798	B	0.00201501	C	0.991987
H	0.552479	B	0.012427	C	0.435094
H	0.706857	B	0.00973769	C	0.283406
H	0.835861	B	0.0123441	C	0.151794
H	0.842263	B	0.0121871	C	0.14555
H	0.827367	B	0.0130643	C	0.159569
H	0.698039	B	0.0136494	C	0.288311
H	0.607975	B	0.024607	C	0.367418
H	0.693117	B	0.0677291	C	0.239154
H	0.787715	B	0.120637	C	0.091648
H	0.839584	B	0.129262	C	0.031154
H	0.860881	B	0.116402	C	0.0227178
H	0.859796	B	0.105187	C	0.035017
H	0.860884	B	0.0816961	C	0.0574202
H	0.863564	B	0.0478162	C	0.0886201
H	0.85156	B	0.0382188	C	0.110221
H	0.838112	B	0.0388441	C	0.123044
H	0.741239	B	0.0532961	C	0.205465
H	0.49099	B	0.0504479	C	0.458562
H	0.00598073	B	0.00181793	C	0.992201
