H	0.00417684	B	0.00601395	C	0.989809
H	0.0261377	B	0.148166	C	0.825696
H	0.0786761	B	0.178812	C	0.742512
H	0.124969	B	0.200636	C	0.674395
H	0.124402	B	0.267047	C	0.60855
H	0.109212	B	0.47416	C	0.416628
H	0.0835914	B	0.728338	C	0.188071
H	0.0789955	B	0.807396	C	0.113609
H	0.0592732	B	0.809396	C	0.131331
H	0.0432945	B	0.644671	C	0.312034
H	0.0307745	B	0.320452	C	0.648774
H	0.0641099	B	0.163941	C	0.771949
H	0.0768054	B	0.0827569	C	0.840438
H	0.0819731	B	0.0656165	C	0.85241
H	0.0279461	B	0.0366335	C	0.93542
H	0.00413156	B	0.00284771	C	0.993021
