H	0.00469719	B	0.00442153	C	0.990881
H	0.0352094	B	0.0902701	C	0.87452
H	0.239077	B	0.111615	C	0.649308
H	0.235255	B	0.128838	C	0.635907
H	0.219746	B	0.120865	C	0.659389
H	0.120634	B	0.0975241	C	0.781842
H	0.0240294	B	0.0487531	C	0.927217
H	0.260103	B	0.0500892	C	0.689808
H	0.33427	B	0.149155	C	0.516576
H	0.362842	B	0.264336	C	0.372822
H	0.280874	B	0.381502	C	0.337624
H	0.237339	B	0.431136	C	0.331524
H	0.225928	B	0.369838	C	0.404234
H	0.181736	B	0.295549	C	0.522715
H	0.12097	B	0.193512	C	0.685518
H	0.0342777	B	0.0425192	C	0.923203
H	0.00439209	B	0.00253023	C	0.993078
