H	0.00413794	B	0.00674869	C	0.989113
H	0.0274252	B	0.15236	C	0.820215
H	0.08167	B	0.182356	C	0.735974
H	0.13267	B	0.200174	C	0.667156
H	0.134335	B	0.266337	C	0.599328
H	0.126405	B	0.470824	C	0.402771
H	0.101117	B	0.710724	C	0.188159
H	0.111335	B	0.792327	C	0.0963378
H	0.0948922	B	0.812626	C	0.0924816
H	0.0786956	B	0.73832	C	0.182985
H	0.0529657	B	0.532624	C	0.41441
H	0.040921	B	0.32165	C	0.637429
H	0.0486169	B	0.215077	C	0.736306
H	0.0531195	B	0.105153	C	0.841727
H	0.0245555	B	0.0432852	C	0.932159
H	0.00411657	B	0.0026158	C	0.993268
