H	0.00628375	B	0.00267179	C	0.991044
H	0.137779	B	0.0157107	C	0.84651
H	0.718097	B	0.0114417	C	0.270462
H	0.846677	B	0.0340194	C	0.119304
H	0.899635	B	0.0471464	C	0.0532187
H	0.913318	B	0.0540289	C	0.0326528
H	0.91532	B	0.0545028	C	0.0301768
H	0.900974	B	0.0595895	C	0.0394369
H	0.861747	B	0.0728791	C	0.0653736
H	0.797995	B	0.0731662	C	0.128839
H	0.720732	B	0.0659577	C	0.213311
H	0.630163	B	0.0393229	C	0.330514
H	0.485524	B	0.0168226	C	0.497653
H	0.379214	B	0.0188175	C	0.601969
H	0.206132	B	0.0243315	C	0.769537
H	0.00607431	B	0.00269182	C	0.991234
