H	0.00448568	B	0.00662572	C	0.988889
H	0.0123855	B	0.0308815	C	0.956733
H	0.0204912	B	0.0676408	C	0.911868
H	0.0280147	B	0.181981	C	0.790004
H	0.0431632	B	0.496256	C	0.460581
H	0.0360115	B	0.744559	C	0.219429
H	0.0456513	B	0.833565	C	0.120784
H	0.0508178	B	0.864614	C	0.0845685
H	0.0550819	B	0.838008	C	0.10691
H	0.0309115	B	0.701795	C	0.267293
H	0.0174615	B	0.403579	C	0.57896
H	0.0241998	B	0.269214	C	0.706587
H	0.00579526	B	0.00865281	C	0.985552
