H	0.00492983	B	0.00804501	C	0.987025
H	0.0241362	B	0.149192	C	0.826671
H	0.0889209	B	0.24344	C	0.667639
H	0.113561	B	0.328088	C	0.558351
H	0.125229	B	0.511668	C	0.363103
H	0.117292	B	0.699616	C	0.183091
H	0.118627	B	0.779603	C	0.10177
H	0.10077	B	0.796148	C	0.103083
H	0.101829	B	0.704736	C	0.193436
H	0.114805	B	0.488991	C	0.396204
H	0.101834	B	0.331535	C	0.566631
H	0.0777934	B	0.171118	C	0.751088
H	0.00612001	B	0.00417992	C	0.9897
