H	0.00700143	B	0.00245115	C	0.990547
H	0.145302	B	0.0266415	C	0.828056
H	0.364514	B	0.0249107	C	0.610576
H	0.717416	B	0.0352869	C	0.247297
H	0.799831	B	0.0238077	C	0.176361
H	0.875017	B	0.0225915	C	0.102391
H	0.884821	B	0.0212298	C	0.0939491
H	0.933906	B	0.0178649	C	0.048229
H	0.949012	B	0.0207438	C	0.0302439
H	0.946276	B	0.0239709	C	0.0297536
H	0.947967	B	0.0189438	C	0.0330889
H	0.929193	B	0.0137367	C	0.0570703
H	0.866239	B	0.0120647	C	0.121696
H	0.715592	B	0.0151501	C	0.269258
H	0.413824	B	0.0214333	C	0.564743
H	0.0080259	B	0.00224513	C	0.989729
