H	0.00524156	B	0.00431326	C	0.990445
H	0.0429094	B	0.165393	C	0.791698
H	0.0569214	B	0.208983	C	0.734095
H	0.639998	B	0.109464	C	0.250538
H	0.710989	B	0.0648019	C	0.224209
H	0.740753	B	0.0408765	C	0.21837
H	0.7503	B	0.0213561	C	0.228344
H	0.789565	B	0.0380539	C	0.172381
H	0.809736	B	0.0569435	C	0.133321
H	0.812846	B	0.0570564	C	0.130098
H	0.821113	B	0.0391086	C	0.139778
H	0.787618	B	0.0320724	C	0.18031
H	0.721093	B	0.0245876	C	0.254319
H	0.471395	B	0.0201723	C	0.508432
H	0.148401	B	0.0195267	C	0.832072
H	0.105137	B	0.0310772	C	0.863785
H	0.00455156	B	0.0032976	C	0.992151
