H	0.00507263	B	0.00447919	C	0.990448
H	0.0284852	B	0.0351277	C	0.936387
H	0.129564	B	0.0860227	C	0.784413
H	0.195951	B	0.16741	C	0.636639
H	0.226788	B	0.228103	C	0.545109
H	0.277619	B	0.337107	C	0.385273
H	0.309301	B	0.379574	C	0.311125
H	0.307996	B	0.397816	C	0.294188
H	0.269154	B	0.433628	C	0.297218
H	0.208369	B	0.470829	C	0.320802
H	0.115262	B	0.414789	C	0.469948
H	0.0668458	B	0.220145	C	0.713009
H	0.00598896	B	0.00471673	C	0.989294
