H	0.00607217	B	0.00317757	C	0.99075
H	0.0876757	B	0.0239374	C	0.888387
H	0.566162	B	0.0177138	C	0.416124
H	0.732529	B	0.0415371	C	0.225934
H	0.821158	B	0.0452395	C	0.133602
H	0.871086	B	0.0358592	C	0.0930545
H	0.895635	B	0.0224164	C	0.0819486
H	0.95437	B	0.0131128	C	0.0325169
H	0.954216	B	0.0153459	C	0.0304382
H	0.945727	B	0.0158638	C	0.0384089
H	0.909881	B	0.0139998	C	0.0761188
H	0.780921	B	0.0129713	C	0.206108
H	0.544188	B	0.0161056	C	0.439707
H	0.0240128	B	0.00770733	C	0.96828
H	0.0312691	B	0.00908589	C	0.959645
H	0.00457092	B	0.00270731	C	0.992722
