H	0.00515906	B	0.00187079	C	0.99297
H	0.188254	B	0.178247	C	0.633498
H	0.355256	B	0.361836	C	0.282908
H	0.417733	B	0.383424	C	0.198842
H	0.434197	B	0.361897	C	0.203906
H	0.418984	B	0.261658	C	0.319358
H	0.407284	B	0.156497	C	0.436219
H	0.491115	B	0.118855	C	0.39003
H	0.542519	B	0.0974715	C	0.36001
H	0.595163	B	0.0790258	C	0.325811
H	0.575702	B	0.0549878	C	0.36931
H	0.596558	B	0.0573161	C	0.346126
H	0.595054	B	0.0648265	C	0.34012
H	0.609277	B	0.0969245	C	0.293799
H	0.681642	B	0.174439	C	0.143919
H	0.708756	B	0.22128	C	0.0699643
H	0.71641	B	0.212279	C	0.0713115
H	0.741244	B	0.164828	C	0.0939281
H	0.769415	B	0.117304	C	0.113281
H	0.782054	B	0.0819602	C	0.135986
H	0.763543	B	0.0568633	C	0.179594
H	0.6897	B	0.0379392	C	0.27236
H	0.679048	B	0.0306917	C	0.290261
H	0.638035	B	0.0345497	C	0.327415
H	0.664482	B	0.0532946	C	0.282223
H	0.738997	B	0.100438	C	0.160566
H	0.754166	B	0.140005	C	0.105829
H	0.742129	B	0.143832	C	0.114039
H	0.723123	B	0.115585	C	0.161293
H	0.600615	B	0.0834844	C	0.3159
H	0.349699	B	0.0659596	C	0.584342
H	0.256456	B	0.0870159	C	0.656529
H	0.147286	B	0.144177	C	0.708537
H	0.0953285	B	0.188692	C	0.715979
H	0.0554391	B	0.272477	C	0.672084
H	0.0348946	B	0.528053	C	0.437052
H	0.0240178	B	0.837976	C	0.138006
H	0.0189783	B	0.930079	C	0.0509425
H	0.0179705	B	0.934881	C	0.0471482
H	0.0178999	B	0.86198	C	0.12012
H	0.0197892	B	0.60627	C	0.373941
H	0.0363764	B	0.399138	C	0.564486
H	0.0664746	B	0.283767	C	0.649758
H	0.0910374	B	0.189038	C	0.719925
H	0.137857	B	0.163765	C	0.698378
H	0.156823	B	0.200783	C	0.642394
H	0.183757	B	0.332498	C	0.483745
H	0.206721	B	0.520158	C	0.273121
H	0.232173	B	0.594077	C	0.173749
H	0.258153	B	0.543309	C	0.198538
H	0.296332	B	0.491973	C	0.211695
H	0.349392	B	0.503975	C	0.146633
H	0.378349	B	0.506844	C	0.114807
H	0.387627	B	0.500264	C	0.112109
H	0.428555	B	0.439109	C	0.132336
H	0.445954	B	0.345744	C	0.208302
H	0.467622	B	0.267603	C	0.264774
H	0.465958	B	0.167994	C	0.366049
H	0.412702	B	0.1211	C	0.466198
H	0.439274	B	0.135765	C	0.424961
H	0.43163	B	0.222522	C	0.345848
H	0.418516	B	0.333595	C	0.247889
H	0.38304	B	0.399542	C	0.217418
H	0.347327	B	0.389701	C	0.262972
H	0.301943	B	0.315168	C	0.382889
H	0.205286	B	0.250364	C	0.54435
H	0.133092	B	0.173469	C	0.693439
H	0.11006	B	0.281818	C	0.608121
H	0.117652	B	0.581858	C	0.30049
H	0.126299	B	0.746316	C	0.127384
H	0.135947	B	0.750459	C	0.113595
H	0.155741	B	0.657848	C	0.18641
H	0.174114	B	0.543078	C	0.282807
H	0.22737	B	0.545741	C	0.226889
H	0.261235	B	0.57025	C	0.168515
H	0.286019	B	0.570392	C	0.143589
H	0.308613	B	0.519358	C	0.17203
H	0.321594	B	0.454448	C	0.223959
H	0.337146	B	0.376994	C	0.28586
H	0.32938	B	0.355444	C	0.315176
H	0.309054	B	0.339333	C	0.351613
H	0.307873	B	0.294296	C	0.397831
H	0.279712	B	0.179684	C	0.540604
H	0.257112	B	0.110413	C	0.632475
H	0.323121	B	0.107521	C	0.569358
H	0.368602	B	0.165149	C	0.466248
H	0.397424	B	0.30175	C	0.300825
H	0.442127	B	0.425096	C	0.132777
H	0.44714	B	0.432819	C	0.120041
H	0.440127	B	0.391727	C	0.168146
H	0.414293	B	0.33504	C	0.250667
H	0.344136	B	0.274282	C	0.381582
H	0.24205	B	0.269132	C	0.488817
H	0.221298	B	0.371853	C	0.406848
H	0.204083	B	0.444412	C	0.351505
H	0.209141	B	0.402317	C	0.388542
H	0.363033	B	0.262162	C	0.374806
H	0.382445	B	0.167841	C	0.449714
H	0.361203	B	0.172833	C	0.465964
H	0.267164	B	0.160172	C	0.572664
H	0.147169	B	0.123226	C	0.729605
H	0.171311	B	0.13981	C	0.688879
H	0.153032	B	0.121739	C	0.725229
H	0.217874	B	0.0941756	C	0.687951
H	0.137213	B	0.0682374	C	0.79455
H	0.06294	B	0.0576917	C	0.879368
H	0.0373304	B	0.0696188	C	0.893051
H	0.117687	B	0.0924217	C	0.789892
H	0.244809	B	0.124093	C	0.631097
H	0.262167	B	0.160253	C	0.57758
H	0.230307	B	0.233409	C	0.536284
H	0.21553	B	0.347136	C	0.437334
H	0.258493	B	0.357762	C	0.383745
H	0.232678	B	0.286431	C	0.480891
H	0.181128	B	0.220571	C	0.5983
H	0.0280779	B	0.132899	C	0.839023
H	0.0171185	B	0.112495	C	0.870386
H	0.0186043	B	0.127057	C	0.854338
H	0.0147416	B	0.0686726	C	0.916586
H	0.120145	B	0.0390632	C	0.840792
H	0.145627	B	0.0294233	C	0.82495
H	0.255483	B	0.0417228	C	0.702794
H	0.280117	B	0.11136	C	0.608523
H	0.299555	B	0.196781	C	0.503664
H	0.237581	B	0.244901	C	0.517518
H	0.140554	B	0.260203	C	0.599243
H	0.0267719	B	0.155388	C	0.81784
H	0.0616824	B	0.092327	C	0.845991
H	0.229721	B	0.0561542	C	0.714125
H	0.336575	B	0.0562345	C	0.607191
H	0.292293	B	0.0642927	C	0.643414
H	0.234464	B	0.0778845	C	0.687652
H	0.245539	B	0.128253	C	0.626208
H	0.231498	B	0.158195	C	0.610307
H	0.193766	B	0.141097	C	0.665137
H	0.110441	B	0.130526	C	0.759033
H	0.0385756	B	0.079496	C	0.881928
H	0.0884095	B	0.0639883	C	0.847602
H	0.0854899	B	0.0432021	C	0.871308
H	0.00345651	B	0.00204577	C	0.994498
