H	0.00302461	B	0.00169996	C	0.995275
H	0.0205081	B	0.0267087	C	0.952783
H	0.0146164	B	0.0280179	C	0.957366
H	0.0106351	B	0.0209191	C	0.968446
H	0.0298733	B	0.0242402	C	0.945886
H	0.0399898	B	0.0277034	C	0.932307
H	0.0333783	B	0.0339227	C	0.932699
H	0.0925561	B	0.0346028	C	0.872841
H	0.167975	B	0.036663	C	0.795362
H	0.20188	B	0.0572084	C	0.740912
H	0.314224	B	0.0922245	C	0.593552
H	0.42355	B	0.123776	C	0.452674
H	0.492346	B	0.114519	C	0.393135
H	0.639674	B	0.127993	C	0.232333
H	0.773067	B	0.137144	C	0.0897889
H	0.814964	B	0.138693	C	0.0463428
H	0.844619	B	0.126254	C	0.0291276
H	0.855269	B	0.119059	C	0.0256718
H	0.851499	B	0.109308	C	0.0391929
H	0.827232	B	0.0932439	C	0.079524
H	0.78551	B	0.0637091	C	0.150781
H	0.740993	B	0.0368424	C	0.222165
H	0.758924	B	0.022807	C	0.218269
H	0.806451	B	0.0200782	C	0.17347
H	0.787097	B	0.0181494	C	0.194754
H	0.73414	B	0.0158585	C	0.250002
H	0.611105	B	0.0169824	C	0.371912
H	0.425949	B	0.0220923	C	0.551959
H	0.305112	B	0.0330266	C	0.661861
H	0.0275267	B	0.0246448	C	0.947828
H	0.141877	B	0.0204365	C	0.837686
H	0.193104	B	0.0264598	C	0.780436
H	0.281933	B	0.06736	C	0.650707
H	0.238974	B	0.193209	C	0.567817
H	0.202859	B	0.254076	C	0.543065
H	0.147281	B	0.189869	C	0.662851
H	0.754184	B	0.0743556	C	0.17146
H	0.803236	B	0.0552956	C	0.141468
H	0.826664	B	0.0478756	C	0.12546
H	0.781229	B	0.0464498	C	0.172321
H	0.759661	B	0.0308995	C	0.20944
H	0.7926	B	0.0208433	C	0.186557
H	0.786414	B	0.018009	C	0.195577
H	0.774859	B	0.0161501	C	0.208991
H	0.773056	B	0.0127851	C	0.214158
H	0.828786	B	0.0151053	C	0.156109
H	0.833167	B	0.0248601	C	0.141973
H	0.82375	B	0.0319709	C	0.144279
H	0.780314	B	0.0385787	C	0.181107
H	0.717989	B	0.0482314	C	0.23378
H	0.631154	B	0.041953	C	0.326893
H	0.559573	B	0.0315416	C	0.408886
H	0.695594	B	0.0201044	C	0.284302
H	0.655134	B	0.0172543	C	0.327612
H	0.599483	B	0.0175634	C	0.382953
H	0.437682	B	0.0171261	C	0.545191
H	0.317942	B	0.0202155	C	0.661842
H	0.406492	B	0.0325726	C	0.560936
H	0.718291	B	0.0371929	C	0.244516
H	0.791167	B	0.0338851	C	0.174948
H	0.821455	B	0.0283943	C	0.150151
H	0.84615	B	0.0222881	C	0.131562
H	0.811121	B	0.0196744	C	0.169204
H	0.789305	B	0.0155647	C	0.19513
H	0.698603	B	0.0125552	C	0.288842
H	0.632954	B	0.008635	C	0.358411
H	0.836269	B	0.00811725	C	0.155614
H	0.868342	B	0.00999165	C	0.121667
H	0.888535	B	0.0141171	C	0.0973481
H	0.895041	B	0.0166199	C	0.0883386
H	0.88737	B	0.019957	C	0.0926733
H	0.871159	B	0.0220233	C	0.106818
H	0.844722	B	0.023201	C	0.132077
H	0.791417	B	0.0312494	C	0.177334
H	0.715713	B	0.0460048	C	0.238282
H	0.574435	B	0.0641861	C	0.361379
H	0.356915	B	0.0807183	C	0.562366
H	0.0506661	B	0.068619	C	0.880715
H	0.0290781	B	0.0244202	C	0.946502
H	0.0943425	B	0.0167355	C	0.888922
H	0.15623	B	0.0175528	C	0.826217
H	0.204971	B	0.0278061	C	0.767223
H	0.260847	B	0.0672959	C	0.671857
H	0.296883	B	0.126968	C	0.576149
H	0.397571	B	0.141206	C	0.461222
H	0.406767	B	0.150993	C	0.442241
H	0.399265	B	0.158321	C	0.442414
H	0.267954	B	0.154002	C	0.578044
H	0.123381	B	0.122494	C	0.754124
H	0.0243882	B	0.0420391	C	0.933573
H	0.0588975	B	0.0239672	C	0.917135
H	0.0567537	B	0.0216257	C	0.921621
H	0.047394	B	0.0237234	C	0.928883
H	0.0381529	B	0.027081	C	0.934766
H	0.0357537	B	0.0388116	C	0.925435
H	0.022158	B	0.0348282	C	0.943014
H	0.0476751	B	0.024618	C	0.927707
H	0.333812	B	0.0238506	C	0.642338
H	0.465771	B	0.0852864	C	0.448942
H	0.568967	B	0.182379	C	0.248654
H	0.603357	B	0.265522	C	0.131121
H	0.635029	B	0.293582	C	0.0713886
H	0.640173	B	0.291245	C	0.0685813
H	0.592063	B	0.282402	C	0.125535
H	0.526457	B	0.212503	C	0.26104
H	0.508783	B	0.136801	C	0.354416
H	0.451939	B	0.101277	C	0.446785
H	0.356244	B	0.103627	C	0.540129
H	0.195582	B	0.0787817	C	0.725636
H	0.321791	B	0.0612102	C	0.616998
H	0.307785	B	0.104566	C	0.587649
H	0.263798	B	0.148386	C	0.587816
H	0.158519	B	0.117928	C	0.723553
H	0.0814811	B	0.0850772	C	0.833442
H	0.0754338	B	0.0984905	C	0.826076
H	0.0303847	B	0.0619743	C	0.907641
H	0.0739522	B	0.0408511	C	0.885197
H	0.102161	B	0.0697575	C	0.828081
H	0.131262	B	0.124755	C	0.743983
H	0.133408	B	0.118525	C	0.748068
H	0.856962	B	0.0289309	C	0.114107
H	0.899036	B	0.0150103	C	0.0859536
H	0.935052	B	0.0101066	C	0.0548409
H	0.953459	B	0.0123771	C	0.0341638
H	0.958606	B	0.0110393	C	0.0303543
H	0.954431	B	0.0103921	C	0.0351767
H	0.945055	B	0.0105256	C	0.0444194
H	0.910156	B	0.00950222	C	0.0803417
H	0.869349	B	0.00902496	C	0.121626
H	0.862632	B	0.0128055	C	0.124563
H	0.842131	B	0.0223478	C	0.135521
H	0.769673	B	0.0310363	C	0.199291
H	0.642778	B	0.0231772	C	0.334045
H	0.513391	B	0.0194216	C	0.467187
H	0.454408	B	0.0249422	C	0.52065
H	0.439551	B	0.0271285	C	0.53332
H	0.418822	B	0.0224253	C	0.558752
H	0.351879	B	0.0188236	C	0.629297
H	0.254493	B	0.019372	C	0.726135
H	0.272099	B	0.0209243	C	0.706977
H	0.330848	B	0.0164395	C	0.652712
H	0.636832	B	0.0125783	C	0.35059
H	0.790542	B	0.0112904	C	0.198167
H	0.887514	B	0.00932052	C	0.103166
H	0.938134	B	0.00836974	C	0.0534964
H	0.959837	B	0.00647478	C	0.033688
H	0.972995	B	0.00504694	C	0.0219581
H	0.97532	B	0.00451364	C	0.0201667
H	0.975057	B	0.00431196	C	0.0206313
H	0.971864	B	0.00385853	C	0.0242778
H	0.966312	B	0.00376566	C	0.0299225
H	0.962221	B	0.00379574	C	0.0339829
H	0.951551	B	0.00398414	C	0.0444647
H	0.932276	B	0.00407961	C	0.0636441
H	0.930668	B	0.00357356	C	0.0657588
H	0.92724	B	0.00394052	C	0.0688199
H	0.925187	B	0.00463649	C	0.0701765
H	0.960004	B	0.00773185	C	0.0322639
H	0.962935	B	0.0105327	C	0.0265321
H	0.95138	B	0.0145267	C	0.0340932
H	0.931043	B	0.0167354	C	0.0522217
H	0.873651	B	0.0181954	C	0.108153
H	0.705101	B	0.0149365	C	0.279963
H	0.317995	B	0.0140339	C	0.667971
H	0.0528136	B	0.0144346	C	0.932752
H	0.0322139	B	0.0123974	C	0.955389
H	0.513435	B	0.0110258	C	0.475539
H	0.638445	B	0.0122624	C	0.349292
H	0.78505	B	0.0148521	C	0.200098
H	0.755707	B	0.0213656	C	0.222927
H	0.707344	B	0.0279928	C	0.264664
H	0.595504	B	0.0356064	C	0.368889
H	0.509872	B	0.0489093	C	0.441219
H	0.587835	B	0.0967602	C	0.315405
H	0.624135	B	0.144888	C	0.230977
H	0.642898	B	0.136975	C	0.220127
H	0.683723	B	0.0940428	C	0.222234
H	0.686748	B	0.0737804	C	0.239472
H	0.672742	B	0.0554066	C	0.271851
H	0.62091	B	0.0360212	C	0.343069
H	0.585515	B	0.0307674	C	0.383718
H	0.517228	B	0.0361396	C	0.446632
H	0.508014	B	0.0428017	C	0.449184
H	0.502352	B	0.0487833	C	0.448865
H	0.527254	B	0.0450899	C	0.427656
H	0.525649	B	0.0401263	C	0.434225
H	0.472238	B	0.0312345	C	0.496527
H	0.400073	B	0.0188847	C	0.581042
H	0.426102	B	0.0128465	C	0.561051
H	0.554263	B	0.0140511	C	0.431686
H	0.580365	B	0.0148114	C	0.404823
H	0.598861	B	0.0129791	C	0.38816
H	0.66918	B	0.0126804	C	0.318139
H	0.690397	B	0.0122087	C	0.297395
H	0.723124	B	0.00961907	C	0.267257
H	0.805724	B	0.00937203	C	0.184904
H	0.849224	B	0.0104828	C	0.140293
H	0.867485	B	0.0109558	C	0.121559
H	0.867478	B	0.011632	C	0.12089
H	0.858792	B	0.0122739	C	0.128934
H	0.825521	B	0.0129576	C	0.161521
H	0.777172	B	0.0132063	C	0.209622
H	0.707172	B	0.0124974	C	0.28033
H	0.629196	B	0.0117665	C	0.359038
H	0.622671	B	0.0110019	C	0.366327
H	0.607614	B	0.0124192	C	0.379967
H	0.641674	B	0.0129662	C	0.345359
H	0.591546	B	0.0171523	C	0.391301
H	0.522452	B	0.0176614	C	0.459887
H	0.386126	B	0.011649	C	0.602225
H	0.310987	B	0.00798261	C	0.681031
H	0.273834	B	0.00830223	C	0.717863
H	0.203598	B	0.0103264	C	0.786075
H	0.00477407	B	0.00162062	C	0.993605
