H	0.00348671	B	0.00147061	C	0.995045
H	0.0267106	B	0.00649079	C	0.966799
H	0.0284173	B	0.00573318	C	0.96585
H	0.0307714	B	0.00575976	C	0.963469
H	0.0580252	B	0.00776627	C	0.934209
H	0.0463041	B	0.00683685	C	0.946859
H	0.508239	B	0.00499006	C	0.486771
H	0.758902	B	0.0049476	C	0.23615
H	0.835297	B	0.00513793	C	0.159565
H	0.884543	B	0.00677115	C	0.108686
H	0.920717	B	0.0075793	C	0.0717039
H	0.932749	B	0.00612149	C	0.0611292
H	0.935602	B	0.00582411	C	0.0585734
H	0.957263	B	0.00763679	C	0.0351006
H	0.958114	B	0.0103429	C	0.0315435
H	0.968577	B	0.0142382	C	0.0171845
H	0.969098	B	0.0179529	C	0.0129491
H	0.967409	B	0.0199536	C	0.012637
H	0.970945	B	0.0157172	C	0.0133376
H	0.975787	B	0.00697536	C	0.0172375
H	0.967532	B	0.00561724	C	0.0268512
H	0.939634	B	0.0055622	C	0.0548042
H	0.868628	B	0.00409512	C	0.127277
H	0.759327	B	0.00251837	C	0.238155
H	0.487311	B	0.00230846	C	0.510381
H	0.326147	B	0.00288924	C	0.670964
H	0.479346	B	0.00613395	C	0.51452
H	0.595331	B	0.0271746	C	0.377495
H	0.716244	B	0.0669704	C	0.216785
H	0.745144	B	0.0780955	C	0.17676
H	0.72375	B	0.0733555	C	0.202894
H	0.687194	B	0.0651419	C	0.247664
H	0.61497	B	0.0596158	C	0.325414
H	0.571763	B	0.0304663	C	0.397771
H	0.611405	B	0.0117894	C	0.376805
H	0.634867	B	0.013293	C	0.35184
H	0.737818	B	0.0118	C	0.250382
H	0.765145	B	0.00911698	C	0.225738
H	0.772117	B	0.00595464	C	0.221929
H	0.798108	B	0.00887041	C	0.193022
H	0.806252	B	0.0203415	C	0.173406
H	0.77703	B	0.0253968	C	0.197573
H	0.749713	B	0.0240695	C	0.226217
H	0.85286	B	0.0241039	C	0.123036
H	0.859388	B	0.0275419	C	0.11307
H	0.815087	B	0.0278674	C	0.157046
H	0.719743	B	0.0183936	C	0.261863
H	0.586756	B	0.010546	C	0.402698
H	0.464832	B	0.00396136	C	0.531206
H	0.699166	B	0.0033129	C	0.297522
H	0.747001	B	0.0033936	C	0.249605
H	0.768432	B	0.00390511	C	0.227663
H	0.84771	B	0.00416658	C	0.148124
H	0.865426	B	0.00455904	C	0.130015
H	0.889278	B	0.00353777	C	0.107184
H	0.933278	B	0.00259046	C	0.064131
H	0.97468	B	0.00223983	C	0.02308
H	0.97863	B	0.00201098	C	0.0193591
H	0.981627	B	0.00197668	C	0.0163968
H	0.979584	B	0.00187522	C	0.0185413
H	0.973534	B	0.00203738	C	0.0244284
H	0.940679	B	0.00206737	C	0.0572532
H	0.824545	B	0.00198427	C	0.173471
H	0.677655	B	0.00203494	C	0.32031
H	0.485918	B	0.0019814	C	0.512101
H	0.599191	B	0.00252138	C	0.398287
H	0.640961	B	0.00659225	C	0.352447
H	0.722337	B	0.0061648	C	0.271499
H	0.930747	B	0.00344885	C	0.065804
H	0.946588	B	0.00371446	C	0.049698
H	0.955941	B	0.00326329	C	0.0407953
H	0.955806	B	0.00252933	C	0.0416643
H	0.933464	B	0.00229483	C	0.064241
H	0.917529	B	0.00190693	C	0.0805643
H	0.925241	B	0.00188118	C	0.0728777
H	0.919852	B	0.00196138	C	0.0781863
H	0.918841	B	0.00188521	C	0.079274
H	0.891224	B	0.00190366	C	0.106872
H	0.89127	B	0.0019191	C	0.106811
H	0.910731	B	0.00198548	C	0.0872832
H	0.914618	B	0.00204548	C	0.0833361
H	0.941885	B	0.00209568	C	0.0560189
H	0.952512	B	0.00208373	C	0.0454045
H	0.952041	B	0.00216251	C	0.0457963
H	0.945025	B	0.00229293	C	0.0526821
H	0.909979	B	0.00201246	C	0.0880087
H	0.871357	B	0.0019808	C	0.126662
H	0.854953	B	0.00191729	C	0.14313
H	0.845025	B	0.00185436	C	0.15312
H	0.952709	B	0.00191394	C	0.0453774
H	0.967293	B	0.00206981	C	0.0306376
H	0.967735	B	0.00212666	C	0.0301383
H	0.960853	B	0.00209481	C	0.0370518
H	0.946705	B	0.00220131	C	0.0510936
H	0.904789	B	0.00237646	C	0.0928342
H	0.824645	B	0.00236483	C	0.17299
H	0.789305	B	0.00258417	C	0.208111
H	0.80129	B	0.0022391	C	0.19647
H	0.84342	B	0.00243328	C	0.154147
H	0.869677	B	0.00238713	C	0.127936
H	0.873074	B	0.00248821	C	0.124438
H	0.881099	B	0.00184814	C	0.117053
H	0.925674	B	0.00170929	C	0.072617
H	0.943618	B	0.00172698	C	0.0546552
H	0.943651	B	0.00201961	C	0.054329
H	0.954934	B	0.00165547	C	0.0434101
H	0.959118	B	0.00163537	C	0.0392463
H	0.969492	B	0.0015242	C	0.0289836
H	0.976045	B	0.00154794	C	0.0224066
H	0.977591	B	0.00148454	C	0.020925
H	0.976409	B	0.00150627	C	0.0220847
H	0.975386	B	0.00151056	C	0.0231039
H	0.97311	B	0.00155641	C	0.0253338
H	0.96512	B	0.00157499	C	0.0333049
H	0.948935	B	0.00176247	C	0.0493027
H	0.927298	B	0.0016821	C	0.0710203
H	0.856911	B	0.00172839	C	0.141361
H	0.767289	B	0.00177544	C	0.230935
H	0.749389	B	0.00193419	C	0.248677
H	0.836218	B	0.00195614	C	0.161826
H	0.893343	B	0.002156	C	0.104501
H	0.930268	B	0.00219712	C	0.0675352
H	0.954288	B	0.00204069	C	0.0436712
H	0.967361	B	0.00179285	C	0.0308466
H	0.970228	B	0.00175435	C	0.0280175
H	0.962132	B	0.00175615	C	0.036112
H	0.951048	B	0.00165578	C	0.0472965
H	0.94531	B	0.00157248	C	0.0531171
H	0.908477	B	0.00146813	C	0.0900544
H	0.945509	B	0.00152718	C	0.052964
H	0.962415	B	0.00161743	C	0.0359674
H	0.965147	B	0.00157915	C	0.0332742
H	0.970607	B	0.00151328	C	0.0278797
H	0.977812	B	0.00153619	C	0.0206516
H	0.977993	B	0.00152665	C	0.0204807
H	0.977666	B	0.00164813	C	0.0206864
H	0.972735	B	0.00172586	C	0.0255387
H	0.959589	B	0.0018208	C	0.0385907
H	0.908258	B	0.00188869	C	0.0898534
H	0.776737	B	0.00171225	C	0.22155
H	0.639435	B	0.00201176	C	0.358553
H	0.433511	B	0.00195394	C	0.564535
H	0.614338	B	0.00187795	C	0.383784
H	0.628672	B	0.00241783	C	0.36891
H	0.696802	B	0.00211793	C	0.30108
H	0.896857	B	0.00195565	C	0.101188
H	0.932007	B	0.00217487	C	0.0658177
H	0.946096	B	0.00190967	C	0.0519946
H	0.963083	B	0.0016551	C	0.035262
H	0.96977	B	0.00164087	C	0.0285887
H	0.974637	B	0.00160663	C	0.0237561
H	0.975923	B	0.00152357	C	0.022554
H	0.978399	B	0.00150089	C	0.0200996
H	0.974143	B	0.00142066	C	0.0244366
H	0.972883	B	0.00149194	C	0.0256248
H	0.97921	B	0.00149765	C	0.0192925
H	0.97861	B	0.00154157	C	0.019848
H	0.975275	B	0.00168889	C	0.0230358
H	0.965302	B	0.00189155	C	0.0328068
H	0.936636	B	0.00212727	C	0.0612364
H	0.850048	B	0.0021712	C	0.147781
H	0.705533	B	0.00223763	C	0.29223
H	0.570599	B	0.00232446	C	0.427076
H	0.464282	B	0.00226725	C	0.533451
H	0.459863	B	0.0029272	C	0.53721
H	0.447536	B	0.00328153	C	0.549182
H	0.523361	B	0.00253262	C	0.474107
H	0.913372	B	0.00191398	C	0.0847139
H	0.965515	B	0.0019469	C	0.0325378
H	0.9775	B	0.00176526	C	0.0207349
H	0.983077	B	0.00153633	C	0.0153865
H	0.984103	B	0.0015145	C	0.0143824
H	0.984565	B	0.00143147	C	0.0140039
H	0.985507	B	0.00137978	C	0.0131128
H	0.986318	B	0.00133042	C	0.0123519
H	0.985335	B	0.00130057	C	0.0133648
H	0.985925	B	0.00136864	C	0.0127062
H	0.985689	B	0.00141449	C	0.0128968
H	0.983795	B	0.00152724	C	0.0146777
H	0.978423	B	0.0016318	C	0.0199449
H	0.96083	B	0.00178742	C	0.0373824
H	0.907931	B	0.00192448	C	0.0901447
H	0.784337	B	0.00204678	C	0.213616
H	0.50538	B	0.00178417	C	0.492836
H	0.41514	B	0.00193733	C	0.582923
H	0.578359	B	0.00239434	C	0.419247
H	0.774192	B	0.00670744	C	0.219101
H	0.861886	B	0.0150884	C	0.123026
H	0.94659	B	0.00764244	C	0.045768
H	0.9632	B	0.00495312	C	0.0318468
H	0.96385	B	0.0046189	C	0.0315314
H	0.957665	B	0.00427242	C	0.0380622
H	0.945572	B	0.00348988	C	0.0509385
H	0.94184	B	0.00246231	C	0.0556982
H	0.929643	B	0.00213185	C	0.0682255
H	0.937247	B	0.00193092	C	0.0608218
H	0.943999	B	0.00185696	C	0.0541445
H	0.946404	B	0.00192748	C	0.0516686
H	0.927382	B	0.00193725	C	0.0706811
H	0.921082	B	0.00200472	C	0.0769134
H	0.873453	B	0.00207686	C	0.12447
H	0.829864	B	0.00219706	C	0.167939
H	0.798916	B	0.00195896	C	0.199125
H	0.75742	B	0.00192359	C	0.240656
H	0.85329	B	0.00224188	C	0.144468
H	0.78305	B	0.00209267	C	0.214858
H	0.760951	B	0.00217741	C	0.236872
H	0.775421	B	0.00188461	C	0.222694
H	0.88442	B	0.0018546	C	0.113726
H	0.931485	B	0.00182753	C	0.0666878
H	0.96595	B	0.00174582	C	0.0323043
H	0.974603	B	0.00167319	C	0.0237237
H	0.97186	B	0.00171392	C	0.0264261
H	0.966358	B	0.00186152	C	0.0317807
H	0.935101	B	0.0021358	C	0.0627634
H	0.82978	B	0.00237687	C	0.167843
H	0.606515	B	0.00203868	C	0.391446
H	0.665968	B	0.00231591	C	0.331716
H	0.813412	B	0.00369583	C	0.182892
H	0.855306	B	0.00353356	C	0.14116
H	0.911986	B	0.0059101	C	0.0821039
H	0.905429	B	0.00638328	C	0.0881879
H	0.867825	B	0.00555777	C	0.126617
H	0.826289	B	0.00529034	C	0.16842
H	0.766101	B	0.0061281	C	0.227771
H	0.778005	B	0.00652903	C	0.215466
H	0.876849	B	0.00859707	C	0.114554
H	0.904567	B	0.00908999	C	0.0863433
H	0.966054	B	0.00375084	C	0.0301952
H	0.979397	B	0.00232501	C	0.0182776
H	0.981236	B	0.00191463	C	0.0168498
H	0.983361	B	0.0016643	C	0.0149751
H	0.986213	B	0.00159382	C	0.0121932
H	0.986153	B	0.00163894	C	0.0122078
H	0.984522	B	0.00172537	C	0.0137525
H	0.979487	B	0.00177831	C	0.0187351
H	0.964387	B	0.00177776	C	0.0338348
H	0.93024	B	0.00195454	C	0.0678057
H	0.862286	B	0.0022557	C	0.135458
H	0.753685	B	0.00259813	C	0.243717
H	0.542373	B	0.00298566	C	0.454641
H	0.29096	B	0.00490161	C	0.704138
H	0.00369843	B	0.00143894	C	0.994863
