H	0.00315253	B	0.00167089	C	0.995177
H	0.0846697	B	0.0576759	C	0.857654
H	0.20596	B	0.168102	C	0.625938
H	0.312034	B	0.240954	C	0.447013
H	0.313089	B	0.313153	C	0.373758
H	0.293657	B	0.340375	C	0.365968
H	0.221539	B	0.315641	C	0.46282
H	0.167548	B	0.224477	C	0.607975
H	0.196427	B	0.116814	C	0.686759
H	0.263977	B	0.059534	C	0.676489
H	0.487762	B	0.0550909	C	0.457147
H	0.536093	B	0.0953818	C	0.368525
H	0.537221	B	0.166449	C	0.296331
H	0.517449	B	0.224254	C	0.258298
H	0.462226	B	0.221971	C	0.315803
H	0.407983	B	0.164817	C	0.4272
H	0.742666	B	0.0707675	C	0.186567
H	0.777002	B	0.0528989	C	0.170099
H	0.77673	B	0.0520403	C	0.17123
H	0.762435	B	0.0550124	C	0.182553
H	0.736419	B	0.0525112	C	0.21107
H	0.705322	B	0.0507433	C	0.243934
H	0.645049	B	0.044992	C	0.309959
H	0.538334	B	0.0494349	C	0.412231
H	0.42409	B	0.0753565	C	0.500553
H	0.319523	B	0.139699	C	0.540777
H	0.198972	B	0.20072	C	0.600308
H	0.134999	B	0.212026	C	0.652974
H	0.0222623	B	0.0835736	C	0.894164
H	0.256567	B	0.0353327	C	0.7081
H	0.24882	B	0.02487	C	0.72631
H	0.651811	B	0.0232234	C	0.324966
H	0.671245	B	0.034227	C	0.294528
H	0.706383	B	0.0458375	C	0.24778
H	0.733217	B	0.0665077	C	0.200275
H	0.754518	B	0.0627249	C	0.182757
H	0.802864	B	0.0578304	C	0.139305
H	0.840267	B	0.0564033	C	0.10333
H	0.847333	B	0.0543011	C	0.0983659
H	0.851376	B	0.0462042	C	0.10242
H	0.875832	B	0.0500083	C	0.0741601
H	0.883176	B	0.0613064	C	0.0555178
H	0.866705	B	0.0723352	C	0.0609595
H	0.842816	B	0.074296	C	0.0828875
H	0.769121	B	0.0690616	C	0.161818
H	0.626781	B	0.0452156	C	0.328003
H	0.441613	B	0.0278313	C	0.530556
H	0.310488	B	0.0266081	C	0.662904
H	0.369076	B	0.0440224	C	0.586902
H	0.342066	B	0.101301	C	0.556633
H	0.333846	B	0.234364	C	0.43179
H	0.279164	B	0.336359	C	0.384476
H	0.215077	B	0.408377	C	0.376546
H	0.144655	B	0.38465	C	0.470696
H	0.0791385	B	0.253013	C	0.667849
H	0.0833233	B	0.176336	C	0.74034
H	0.105912	B	0.110328	C	0.78376
H	0.285734	B	0.0631598	C	0.651106
H	0.615955	B	0.0415154	C	0.34253
H	0.679441	B	0.0480447	C	0.272514
H	0.708251	B	0.0637344	C	0.228015
H	0.718228	B	0.0808227	C	0.200949
H	0.718275	B	0.116282	C	0.165443
H	0.709878	B	0.119643	C	0.170479
H	0.651459	B	0.107996	C	0.240545
H	0.610312	B	0.0942121	C	0.295476
H	0.566987	B	0.108689	C	0.324324
H	0.483684	B	0.183002	C	0.333314
H	0.374913	B	0.304093	C	0.320994
H	0.290948	B	0.423417	C	0.285635
H	0.22645	B	0.483736	C	0.289814
H	0.158451	B	0.448176	C	0.393373
H	0.125305	B	0.290735	C	0.583961
H	0.0786032	B	0.0841073	C	0.837289
H	0.490883	B	0.0131518	C	0.495965
H	0.777369	B	0.0121401	C	0.210491
H	0.832897	B	0.0138796	C	0.153224
H	0.909239	B	0.0144228	C	0.0763379
H	0.946774	B	0.011207	C	0.0420188
H	0.956224	B	0.00894588	C	0.0348306
H	0.962128	B	0.00752812	C	0.0303436
H	0.964954	B	0.00731151	C	0.0277348
H	0.962602	B	0.00698973	C	0.0304083
H	0.963134	B	0.0065681	C	0.0302984
H	0.963948	B	0.00647718	C	0.0295744
H	0.96252	B	0.00625938	C	0.0312207
H	0.964081	B	0.00661738	C	0.0293018
H	0.957787	B	0.00752505	C	0.0346875
H	0.923504	B	0.00881686	C	0.0676793
H	0.809063	B	0.00904473	C	0.181892
H	0.669067	B	0.00988682	C	0.321046
H	0.453286	B	0.00698708	C	0.539727
H	0.677397	B	0.00930641	C	0.313297
H	0.850644	B	0.018044	C	0.131312
H	0.882224	B	0.0459317	C	0.0718445
H	0.878918	B	0.0699001	C	0.0511824
H	0.852505	B	0.100393	C	0.0471023
H	0.838041	B	0.102458	C	0.0595016
H	0.76955	B	0.11005	C	0.1204
H	0.60589	B	0.100528	C	0.293582
H	0.287268	B	0.0712324	C	0.6415
H	0.0572609	B	0.0407221	C	0.902017
H	0.0637104	B	0.106284	C	0.830006
H	0.10272	B	0.484198	C	0.413082
H	0.0844921	B	0.60144	C	0.314068
H	0.0631391	B	0.522812	C	0.414049
H	0.044143	B	0.241415	C	0.714442
H	0.297443	B	0.102075	C	0.600482
H	0.543456	B	0.0473633	C	0.40918
H	0.608159	B	0.0511033	C	0.340737
H	0.63353	B	0.0797901	C	0.28668
H	0.586106	B	0.104301	C	0.309593
H	0.51599	B	0.111215	C	0.372794
H	0.423985	B	0.102107	C	0.473908
H	0.281437	B	0.0854405	C	0.633122
H	0.16168	B	0.118799	C	0.719521
H	0.0821104	B	0.163292	C	0.754598
H	0.050701	B	0.189979	C	0.75932
H	0.0663881	B	0.207999	C	0.725613
H	0.0658483	B	0.14531	C	0.788841
H	0.226426	B	0.100124	C	0.673449
H	0.232591	B	0.122878	C	0.644531
H	0.219528	B	0.137503	C	0.642969
H	0.165354	B	0.0980131	C	0.736633
H	0.659731	B	0.0641968	C	0.276073
H	0.690982	B	0.0749343	C	0.234083
H	0.685715	B	0.087043	C	0.227242
H	0.573731	B	0.10396	C	0.322309
H	0.458463	B	0.100607	C	0.44093
H	0.391365	B	0.0817466	C	0.526888
H	0.396862	B	0.0583013	C	0.544837
H	0.523464	B	0.0476032	C	0.428933
H	0.546811	B	0.0452554	C	0.407934
H	0.489936	B	0.0354369	C	0.474627
H	0.376372	B	0.0441263	C	0.579502
H	0.304363	B	0.0798506	C	0.615786
H	0.283339	B	0.144312	C	0.572349
H	0.271918	B	0.223224	C	0.504858
H	0.229492	B	0.249433	C	0.521076
H	0.199146	B	0.20561	C	0.595244
H	0.38867	B	0.140848	C	0.470482
H	0.428616	B	0.118431	C	0.452953
H	0.498154	B	0.103186	C	0.39866
H	0.538677	B	0.130718	C	0.330605
H	0.574663	B	0.189636	C	0.235701
H	0.589856	B	0.208854	C	0.201291
H	0.557604	B	0.207646	C	0.23475
H	0.523687	B	0.166712	C	0.309601
H	0.481257	B	0.122745	C	0.395997
H	0.424842	B	0.0962619	C	0.478896
H	0.309686	B	0.0943912	C	0.595923
H	0.242535	B	0.110333	C	0.647132
H	0.1571	B	0.0984723	C	0.744428
H	0.187818	B	0.0513941	C	0.760788
H	0.867652	B	0.0136677	C	0.118681
H	0.877928	B	0.0108004	C	0.111272
H	0.904026	B	0.0100164	C	0.0859575
H	0.902674	B	0.0114279	C	0.0858981
H	0.879345	B	0.00995847	C	0.110696
H	0.916487	B	0.0091861	C	0.0743274
H	0.933095	B	0.00834249	C	0.0585625
H	0.938044	B	0.007936	C	0.0540203
H	0.96326	B	0.00714623	C	0.0295936
H	0.967905	B	0.00677222	C	0.0253224
H	0.964894	B	0.0071275	C	0.0279789
H	0.961482	B	0.00675499	C	0.0317628
H	0.948843	B	0.00747201	C	0.0436853
H	0.922885	B	0.00777036	C	0.0693449
H	0.90578	B	0.00848365	C	0.0857361
H	0.888035	B	0.0101221	C	0.101843
H	0.83035	B	0.0130207	C	0.15663
H	0.745784	B	0.0143255	C	0.23989
H	0.616651	B	0.0219459	C	0.361403
H	0.412964	B	0.0293071	C	0.557729
H	0.332967	B	0.0223994	C	0.644633
H	0.497673	B	0.0128853	C	0.489442
H	0.748862	B	0.0122306	C	0.238907
H	0.866139	B	0.0166252	C	0.117235
H	0.905687	B	0.0202207	C	0.0740923
H	0.921089	B	0.0218331	C	0.0570778
H	0.932108	B	0.0200223	C	0.0478698
H	0.939553	B	0.0188012	C	0.0416459
H	0.945147	B	0.0159492	C	0.0389039
H	0.935023	B	0.0166467	C	0.0483307
H	0.910496	B	0.0149411	C	0.0745629
H	0.849891	B	0.0125608	C	0.137548
H	0.786903	B	0.0141588	C	0.198938
H	0.742087	B	0.0175132	C	0.2404
H	0.609674	B	0.0219587	C	0.368368
H	0.453104	B	0.0308222	C	0.516074
H	0.3177	B	0.0325515	C	0.649748
H	0.398442	B	0.041628	C	0.55993
H	0.336948	B	0.0909958	C	0.572056
H	0.227703	B	0.128653	C	0.643644
H	0.0782609	B	0.0781691	C	0.84357
H	0.148858	B	0.0528778	C	0.798264
H	0.215415	B	0.0574934	C	0.727091
H	0.216176	B	0.108967	C	0.674857
H	0.183688	B	0.188986	C	0.627326
H	0.173738	B	0.267418	C	0.558844
H	0.230455	B	0.260185	C	0.50936
H	0.27598	B	0.244423	C	0.479597
H	0.37492	B	0.291406	C	0.333674
H	0.38862	B	0.339142	C	0.272237
H	0.304624	B	0.300028	C	0.395347
H	0.224621	B	0.222249	C	0.553131
H	0.00352391	B	0.00240758	C	0.994069
