H	0.00288193	B	0.00302017	C	0.994098
H	0.0245464	B	0.221597	C	0.753856
H	0.0314584	B	0.262516	C	0.706026
H	0.03319	B	0.327562	C	0.639248
H	0.0299031	B	0.587952	C	0.382145
H	0.0241081	B	0.778878	C	0.197014
H	0.0214469	B	0.843219	C	0.135334
H	0.0228647	B	0.849305	C	0.12783
H	0.021616	B	0.765405	C	0.212979
H	0.0237684	B	0.549477	C	0.426755
H	0.0477929	B	0.271205	C	0.681002
H	0.0684099	B	0.182393	C	0.749197
H	0.0541018	B	0.16653	C	0.779368
H	0.0259642	B	0.239187	C	0.734849
H	0.0211862	B	0.513002	C	0.465812
H	0.0156622	B	0.735501	C	0.248837
H	0.017356	B	0.896347	C	0.0862974
H	0.0158713	B	0.943962	C	0.0401664
H	0.0151684	B	0.934692	C	0.0501391
H	0.0156315	B	0.859855	C	0.124514
H	0.0147054	B	0.628965	C	0.356329
H	0.0158584	B	0.230885	C	0.753257
H	0.0332329	B	0.123823	C	0.842944
H	0.0324842	B	0.121889	C	0.845627
H	0.0282501	B	0.326983	C	0.644767
H	0.0292914	B	0.783308	C	0.187401
H	0.0280482	B	0.90752	C	0.0644319
H	0.0325646	B	0.932373	C	0.0350628
H	0.037349	B	0.921113	C	0.0415384
H	0.0536572	B	0.884687	C	0.0616555
H	0.065935	B	0.806727	C	0.127338
H	0.0836611	B	0.695387	C	0.220952
H	0.0873729	B	0.614075	C	0.298552
H	0.089427	B	0.409318	C	0.501255
H	0.0831429	B	0.182196	C	0.734661
H	0.0802054	B	0.182871	C	0.736923
H	0.0773808	B	0.325351	C	0.597268
H	0.101352	B	0.531038	C	0.36761
H	0.0947943	B	0.652936	C	0.25227
H	0.0965805	B	0.680235	C	0.223185
H	0.149435	B	0.569331	C	0.281234
H	0.145975	B	0.405913	C	0.448112
H	0.114741	B	0.199206	C	0.686053
H	0.0406752	B	0.112312	C	0.847013
H	0.0235323	B	0.323161	C	0.653306
H	0.0162872	B	0.711612	C	0.272101
H	0.0149736	B	0.865396	C	0.11963
H	0.0168344	B	0.921515	C	0.0616507
H	0.0202982	B	0.94698	C	0.0327217
H	0.0212613	B	0.949547	C	0.0291917
H	0.0219035	B	0.934598	C	0.0434982
H	0.0239585	B	0.850158	C	0.125883
H	0.0278862	B	0.647504	C	0.32461
H	0.0255466	B	0.26679	C	0.707663
H	0.0327375	B	0.140219	C	0.827044
H	0.0441455	B	0.140573	C	0.815281
H	0.0860229	B	0.106101	C	0.807876
H	0.214878	B	0.115596	C	0.669526
H	0.253969	B	0.23653	C	0.5095
H	0.299002	B	0.313645	C	0.387353
H	0.274526	B	0.332432	C	0.393041
H	0.251545	B	0.379584	C	0.368871
H	0.234347	B	0.405877	C	0.359777
H	0.209423	B	0.407262	C	0.383316
H	0.185923	B	0.356754	C	0.457323
H	0.145704	B	0.231949	C	0.622346
H	0.00314141	B	0.00232651	C	0.994532
