H	0.0174319	B	0.00249839	C	0.98007
H	0.395805	B	0.0853116	C	0.518883
H	0.642332	B	0.101179	C	0.256489
H	0.750749	B	0.085128	C	0.164123
H	0.757171	B	0.0754499	C	0.167379
H	0.749935	B	0.0648219	C	0.185243
H	0.725154	B	0.0592741	C	0.215571
H	0.765032	B	0.0510731	C	0.183895
H	0.779491	B	0.0602404	C	0.160268
H	0.840165	B	0.0555755	C	0.10426
H	0.853433	B	0.0438864	C	0.10268
H	0.867366	B	0.0361531	C	0.096481
H	0.90313	B	0.0328945	C	0.063976
H	0.880772	B	0.0367279	C	0.0824996
H	0.846659	B	0.0304067	C	0.122934
H	0.82517	B	0.0240712	C	0.150759
H	0.795208	B	0.0177089	C	0.187083
H	0.737517	B	0.0133038	C	0.249179
H	0.63253	B	0.0151696	C	0.352301
H	0.357014	B	0.0200713	C	0.622914
H	0.00409544	B	0.00204888	C	0.993856
