H	0.00306831	B	0.00195081	C	0.994981
H	0.0480074	B	0.0346912	C	0.917301
H	0.0399746	B	0.0456628	C	0.914363
H	0.0583993	B	0.0699357	C	0.871665
H	0.0449772	B	0.0707266	C	0.884296
H	0.25818	B	0.116423	C	0.625397
H	0.317092	B	0.329053	C	0.353855
H	0.321887	B	0.527175	C	0.150938
H	0.291672	B	0.631314	C	0.0770137
H	0.293122	B	0.647521	C	0.0593573
H	0.270132	B	0.624013	C	0.105855
H	0.258273	B	0.525044	C	0.216683
H	0.281403	B	0.392067	C	0.326531
H	0.299818	B	0.278541	C	0.421641
H	0.297961	B	0.253176	C	0.448863
H	0.279661	B	0.228179	C	0.49216
H	0.208316	B	0.18657	C	0.605114
H	0.1483	B	0.156988	C	0.694712
H	0.156492	B	0.183414	C	0.660094
H	0.160854	B	0.186239	C	0.652907
H	0.140667	B	0.12654	C	0.732793
H	0.104555	B	0.0668087	C	0.828636
H	0.166159	B	0.0662242	C	0.767616
H	0.191988	B	0.191436	C	0.616576
H	0.286125	B	0.436265	C	0.27761
H	0.272101	B	0.51068	C	0.217219
H	0.297642	B	0.548025	C	0.154333
H	0.321068	B	0.555979	C	0.122953
H	0.323205	B	0.557516	C	0.119279
H	0.32701	B	0.535774	C	0.137217
H	0.313045	B	0.513301	C	0.173654
H	0.260747	B	0.440055	C	0.299198
H	0.179917	B	0.260697	C	0.559386
H	0.168418	B	0.157079	C	0.674503
H	0.238169	B	0.12296	C	0.638872
H	0.432253	B	0.142043	C	0.425704
H	0.499853	B	0.210742	C	0.289405
H	0.527964	B	0.253849	C	0.218187
H	0.5354	B	0.235121	C	0.229479
H	0.54498	B	0.178042	C	0.276978
H	0.553522	B	0.110828	C	0.335649
H	0.641174	B	0.0772432	C	0.281583
H	0.712011	B	0.081693	C	0.206296
H	0.750282	B	0.107918	C	0.1418
H	0.753366	B	0.126031	C	0.120604
H	0.737411	B	0.14317	C	0.119419
H	0.700409	B	0.15052	C	0.149071
H	0.642139	B	0.162825	C	0.195036
H	0.549363	B	0.201071	C	0.249565
H	0.40981	B	0.229279	C	0.360911
H	0.204248	B	0.182781	C	0.612971
H	0.0480838	B	0.106671	C	0.845246
H	0.0426645	B	0.163916	C	0.793419
H	0.02916	B	0.403681	C	0.567159
H	0.0223989	B	0.708639	C	0.268962
H	0.0188275	B	0.883511	C	0.0976613
H	0.0186047	B	0.923481	C	0.057914
H	0.0204155	B	0.907872	C	0.0717125
H	0.0273625	B	0.843967	C	0.12867
H	0.0303563	B	0.736565	C	0.233078
H	0.0337417	B	0.514085	C	0.452173
H	0.0193266	B	0.183105	C	0.797568
H	0.0506403	B	0.0747499	C	0.87461
H	0.0847821	B	0.0590367	C	0.856181
H	0.181066	B	0.145851	C	0.673083
H	0.156457	B	0.232638	C	0.610905
H	0.107454	B	0.267318	C	0.625228
H	0.0295652	B	0.173948	C	0.796487
H	0.0484648	B	0.0926476	C	0.858888
H	0.129253	B	0.0504007	C	0.820346
H	0.18021	B	0.0832614	C	0.736528
H	0.132872	B	0.0962964	C	0.770832
H	0.0543175	B	0.0846524	C	0.86103
H	0.0467689	B	0.0968355	C	0.856396
H	0.145314	B	0.12786	C	0.726825
H	0.18891	B	0.164129	C	0.646961
H	0.227779	B	0.176264	C	0.595957
H	0.201297	B	0.171269	C	0.627433
H	0.205413	B	0.142512	C	0.652075
H	0.618779	B	0.0649277	C	0.316293
H	0.651847	B	0.0523412	C	0.295812
H	0.66109	B	0.0571252	C	0.281785
H	0.681232	B	0.0984706	C	0.220297
H	0.680939	B	0.135332	C	0.183729
H	0.66273	B	0.144227	C	0.193043
H	0.639184	B	0.153905	C	0.206911
H	0.446899	B	0.192181	C	0.36092
H	0.232111	B	0.240931	C	0.526958
H	0.208354	B	0.34278	C	0.448867
H	0.181429	B	0.376845	C	0.441726
H	0.151451	B	0.268618	C	0.579931
H	0.184546	B	0.225608	C	0.589846
H	0.217653	B	0.251476	C	0.530872
H	0.285984	B	0.294516	C	0.4195
H	0.320549	B	0.350269	C	0.329182
H	0.354552	B	0.405615	C	0.239833
H	0.347961	B	0.410197	C	0.241842
H	0.347259	B	0.381151	C	0.27159
H	0.349703	B	0.289549	C	0.360748
H	0.375098	B	0.159018	C	0.465884
H	0.441447	B	0.0976358	C	0.460917
H	0.490635	B	0.112391	C	0.396974
H	0.496469	B	0.137093	C	0.366438
H	0.41582	B	0.180292	C	0.403888
H	0.331772	B	0.191037	C	0.477191
H	0.160452	B	0.14426	C	0.695289
H	0.349699	B	0.113913	C	0.536388
H	0.344789	B	0.119291	C	0.53592
H	0.25188	B	0.155082	C	0.593037
H	0.0966435	B	0.137069	C	0.766287
H	0.0223515	B	0.0767652	C	0.900883
H	0.029536	B	0.0567694	C	0.913695
H	0.0355164	B	0.166934	C	0.79755
H	0.0362531	B	0.467068	C	0.496679
H	0.0271207	B	0.772919	C	0.19996
H	0.0247543	B	0.864181	C	0.111065
H	0.0230441	B	0.877806	C	0.0991496
H	0.0195689	B	0.751318	C	0.229113
H	0.014842	B	0.375745	C	0.609413
H	0.0323229	B	0.158046	C	0.809631
H	0.0900802	B	0.0566001	C	0.85332
H	0.323874	B	0.0356129	C	0.640513
H	0.490433	B	0.0481236	C	0.461443
H	0.565786	B	0.0775517	C	0.356662
H	0.587739	B	0.103069	C	0.309192
H	0.495063	B	0.0951362	C	0.409801
H	0.348232	B	0.0796063	C	0.572162
H	0.202308	B	0.047441	C	0.750251
H	0.388639	B	0.0221244	C	0.589237
H	0.906278	B	0.0133617	C	0.0803607
H	0.934225	B	0.0151183	C	0.0506562
H	0.943554	B	0.0172889	C	0.0391568
H	0.945108	B	0.0159939	C	0.0388985
H	0.922905	B	0.0152807	C	0.0618143
H	0.889151	B	0.0173892	C	0.09346
H	0.854208	B	0.0219599	C	0.123832
H	0.750327	B	0.0255572	C	0.224116
H	0.60199	B	0.0206557	C	0.377354
H	0.457263	B	0.0248809	C	0.517856
H	0.362097	B	0.0443777	C	0.593526
H	0.359358	B	0.0499824	C	0.590659
H	0.796561	B	0.076038	C	0.127401
H	0.847161	B	0.0894979	C	0.063341
H	0.860292	B	0.0861232	C	0.0535851
H	0.860747	B	0.0736424	C	0.0656108
H	0.844465	B	0.059035	C	0.0965001
H	0.821851	B	0.056545	C	0.121604
H	0.778103	B	0.0696441	C	0.152253
H	0.756898	B	0.0832529	C	0.15985
H	0.704928	B	0.0945302	C	0.200541
H	0.60863	B	0.119784	C	0.271586
H	0.508292	B	0.138034	C	0.353674
H	0.390209	B	0.121597	C	0.488194
H	0.320886	B	0.0978282	C	0.581286
H	0.379051	B	0.146077	C	0.474872
H	0.421965	B	0.268469	C	0.309565
H	0.427079	B	0.311744	C	0.261177
H	0.442471	B	0.255498	C	0.302031
H	0.529409	B	0.166896	C	0.303695
H	0.638477	B	0.0962686	C	0.265255
H	0.6812	B	0.0684402	C	0.25036
H	0.661134	B	0.069998	C	0.268868
H	0.596489	B	0.0626516	C	0.340859
H	0.437801	B	0.0542197	C	0.507979
H	0.333952	B	0.066211	C	0.599837
H	0.349419	B	0.144016	C	0.506565
H	0.41487	B	0.259175	C	0.325955
H	0.557703	B	0.274377	C	0.16792
H	0.589717	B	0.254963	C	0.15532
H	0.596348	B	0.231401	C	0.17225
H	0.565738	B	0.220204	C	0.214058
H	0.51865	B	0.214834	C	0.266516
H	0.433987	B	0.151959	C	0.414054
H	0.281809	B	0.0758718	C	0.64232
H	0.179326	B	0.068963	C	0.751711
H	0.116686	B	0.174462	C	0.708852
H	0.112202	B	0.452309	C	0.435489
H	0.10853	B	0.631961	C	0.259508
H	0.118437	B	0.662507	C	0.219056
H	0.103067	B	0.621545	C	0.275388
H	0.0698203	B	0.518496	C	0.411684
H	0.0262803	B	0.217828	C	0.755892
H	0.0480896	B	0.0753334	C	0.876577
H	0.0794059	B	0.0505482	C	0.870046
H	0.14476	B	0.162164	C	0.693076
H	0.171498	B	0.474216	C	0.354286
H	0.189062	B	0.641836	C	0.169102
H	0.260738	B	0.605649	C	0.133613
H	0.377228	B	0.480318	C	0.142454
H	0.400695	B	0.321017	C	0.278287
H	0.690888	B	0.147341	C	0.161771
H	0.779078	B	0.106351	C	0.114572
H	0.789228	B	0.106342	C	0.10443
H	0.769575	B	0.106483	C	0.123941
H	0.694294	B	0.0924787	C	0.213228
H	0.562269	B	0.0679215	C	0.36981
H	0.389099	B	0.042292	C	0.568609
H	0.276769	B	0.0314279	C	0.691803
H	0.332891	B	0.0370982	C	0.630011
H	0.375556	B	0.0585952	C	0.565849
H	0.397785	B	0.0574972	C	0.544718
H	0.412372	B	0.0523688	C	0.535259
H	0.477363	B	0.0443835	C	0.478254
H	0.607455	B	0.0572973	C	0.335248
H	0.76104	B	0.104095	C	0.134865
H	0.801883	B	0.135537	C	0.0625798
H	0.826609	B	0.121213	C	0.0521786
H	0.878431	B	0.0722225	C	0.0493469
H	0.905039	B	0.0401741	C	0.0547871
H	0.903806	B	0.0256553	C	0.0705392
H	0.910293	B	0.0225805	C	0.0671268
H	0.908211	B	0.0252472	C	0.0665415
H	0.897248	B	0.0265831	C	0.0761693
H	0.871273	B	0.0268179	C	0.101909
H	0.836905	B	0.0288565	C	0.134238
H	0.803615	B	0.02841	C	0.167975
H	0.743329	B	0.0249534	C	0.231717
H	0.639237	B	0.0199934	C	0.34077
H	0.600988	B	0.0192666	C	0.379746
H	0.737018	B	0.0343294	C	0.228653
H	0.768723	B	0.0530099	C	0.178267
H	0.770875	B	0.0766303	C	0.152494
H	0.755249	B	0.10473	C	0.140021
H	0.678538	B	0.117515	C	0.203947
H	0.582716	B	0.0930505	C	0.324234
H	0.580534	B	0.0544617	C	0.365004
H	0.61249	B	0.031498	C	0.356012
H	0.612602	B	0.0196669	C	0.367731
H	0.707067	B	0.0166414	C	0.276292
H	0.893806	B	0.0141998	C	0.0919946
H	0.933285	B	0.012783	C	0.0539317
H	0.949941	B	0.0110128	C	0.0390461
H	0.966067	B	0.00854728	C	0.025386
H	0.96917	B	0.00765912	C	0.0231713
H	0.968707	B	0.00790166	C	0.023391
H	0.966727	B	0.00824369	C	0.0250294
H	0.952741	B	0.0107796	C	0.0364799
H	0.910155	B	0.0126762	C	0.0771691
H	0.767076	B	0.0163109	C	0.216613
H	0.43974	B	0.0156381	C	0.544622
H	0.198971	B	0.0148355	C	0.786194
H	0.33229	B	0.0305289	C	0.637181
H	0.38426	B	0.112055	C	0.503685
H	0.389777	B	0.281588	C	0.328635
H	0.336564	B	0.367078	C	0.296358
H	0.270456	B	0.393178	C	0.336366
H	0.174699	B	0.307691	C	0.51761
H	0.0908534	B	0.141362	C	0.767784
H	0.0752198	B	0.0728907	C	0.85189
H	0.0988551	B	0.116455	C	0.78469
H	0.119041	B	0.356435	C	0.524524
H	0.111091	B	0.621368	C	0.267541
H	0.11582	B	0.688121	C	0.196058
H	0.110122	B	0.667443	C	0.222435
H	0.0849232	B	0.535005	C	0.380071
H	0.068519	B	0.279984	C	0.651497
H	0.0982465	B	0.138342	C	0.763411
H	0.199935	B	0.0555012	C	0.744563
H	0.494446	B	0.0301725	C	0.475381
H	0.667355	B	0.0327223	C	0.299923
H	0.737202	B	0.0404666	C	0.222332
H	0.728354	B	0.0465092	C	0.225137
H	0.622624	B	0.0484968	C	0.32888
H	0.389199	B	0.0527002	C	0.5581
H	0.0839217	B	0.0371665	C	0.878912
H	0.154146	B	0.0192657	C	0.826588
H	0.736711	B	0.0135569	C	0.249732
H	0.812964	B	0.0185502	C	0.168486
H	0.833011	B	0.0272748	C	0.139714
H	0.86381	B	0.0385819	C	0.097608
H	0.872139	B	0.0372489	C	0.0906116
H	0.852681	B	0.0449953	C	0.102324
H	0.758661	B	0.0513027	C	0.190036
H	0.395131	B	0.0476486	C	0.557221
H	0.0527723	B	0.0240097	C	0.923218
H	0.01204	B	0.00881448	C	0.979146
H	0.856807	B	0.00709945	C	0.136093
H	0.933659	B	0.0105873	C	0.0557537
H	0.949933	B	0.0117068	C	0.0383605
H	0.942948	B	0.0196131	C	0.0374387
H	0.946268	B	0.017387	C	0.0363453
H	0.931539	B	0.0163047	C	0.0521563
H	0.901173	B	0.0166909	C	0.0821361
H	0.816943	B	0.0151371	C	0.16792
H	0.661688	B	0.0128351	C	0.325476
H	0.559938	B	0.0125434	C	0.427518
H	0.581765	B	0.0214471	C	0.396788
H	0.637108	B	0.0441462	C	0.318746
H	0.687705	B	0.0560295	C	0.256266
H	0.687549	B	0.0578268	C	0.254625
H	0.669836	B	0.0628614	C	0.267302
H	0.703146	B	0.0641342	C	0.232719
H	0.696508	B	0.0711451	C	0.232347
H	0.69917	B	0.06679	C	0.23404
H	0.764797	B	0.0609425	C	0.17426
H	0.783369	B	0.0878874	C	0.128743
H	0.799279	B	0.11476	C	0.0859607
H	0.7854	B	0.135871	C	0.0787287
H	0.758231	B	0.133354	C	0.108414
H	0.632544	B	0.110278	C	0.257178
H	0.42683	B	0.105265	C	0.467904
H	0.301463	B	0.123374	C	0.575163
H	0.263089	B	0.200644	C	0.536267
H	0.395923	B	0.249665	C	0.354412
H	0.38152	B	0.287618	C	0.330862
H	0.346514	B	0.2786	C	0.374886
H	0.2738	B	0.215894	C	0.510306
H	0.198267	B	0.143814	C	0.657919
H	0.139239	B	0.117019	C	0.743742
H	0.12165	B	0.234972	C	0.643378
H	0.127967	B	0.529282	C	0.342751
H	0.127829	B	0.628294	C	0.243877
H	0.122449	B	0.673452	C	0.204099
H	0.0857698	B	0.658702	C	0.255528
H	0.0536119	B	0.471128	C	0.47526
H	0.0531094	B	0.322182	C	0.624709
H	0.0751919	B	0.183354	C	0.741454
H	0.136161	B	0.113422	C	0.750417
H	0.180696	B	0.166286	C	0.653018
H	0.231263	B	0.470192	C	0.298545
H	0.187447	B	0.587946	C	0.224608
H	0.170269	B	0.585741	C	0.243989
H	0.137579	B	0.50843	C	0.353991
H	0.102853	B	0.25099	C	0.646157
H	0.193024	B	0.153328	C	0.653649
H	0.236633	B	0.325283	C	0.438084
H	0.253382	B	0.485245	C	0.261373
H	0.239675	B	0.536034	C	0.224291
H	0.21827	B	0.482166	C	0.299564
H	0.155734	B	0.321228	C	0.523038
H	0.311078	B	0.111817	C	0.577105
H	0.508947	B	0.0661648	C	0.424888
H	0.541379	B	0.110848	C	0.347773
H	0.564905	B	0.202235	C	0.232859
H	0.54863	B	0.214584	C	0.236785
H	0.495804	B	0.170385	C	0.333811
H	0.401048	B	0.115923	C	0.48303
H	0.269288	B	0.0651731	C	0.665539
H	0.256903	B	0.105514	C	0.637583
H	0.319821	B	0.330009	C	0.35017
H	0.325986	B	0.52316	C	0.150854
H	0.310619	B	0.565522	C	0.123858
H	0.32429	B	0.533468	C	0.142241
H	0.345393	B	0.436574	C	0.218034
H	0.368429	B	0.287353	C	0.344218
H	0.396172	B	0.227802	C	0.376026
H	0.335492	B	0.231244	C	0.433264
H	0.234423	B	0.197007	C	0.56857
H	0.107633	B	0.0985386	C	0.793829
H	0.267118	B	0.0351226	C	0.69776
H	0.396256	B	0.0176291	C	0.586115
H	0.488548	B	0.0195534	C	0.491898
H	0.673905	B	0.0281273	C	0.297968
H	0.738778	B	0.0501334	C	0.211088
H	0.781617	B	0.0889917	C	0.129391
H	0.821269	B	0.106025	C	0.0727061
H	0.832351	B	0.104529	C	0.0631198
H	0.824461	B	0.0966279	C	0.078911
H	0.799074	B	0.0698525	C	0.131074
H	0.737589	B	0.0401194	C	0.222292
H	0.600877	B	0.0262437	C	0.372879
H	0.418094	B	0.021842	C	0.560064
H	0.22254	B	0.0204173	C	0.757043
H	0.166252	B	0.016088	C	0.81766
H	0.674402	B	0.0177972	C	0.307801
H	0.792889	B	0.0235744	C	0.183537
H	0.867901	B	0.0376704	C	0.094429
H	0.911336	B	0.0410449	C	0.047619
H	0.93018	B	0.0373518	C	0.0324685
H	0.941578	B	0.0281376	C	0.0302847
H	0.949194	B	0.0215558	C	0.0292507
H	0.938532	B	0.0236872	C	0.037781
H	0.904682	B	0.0239477	C	0.0713708
H	0.811162	B	0.0257903	C	0.163048
H	0.40558	B	0.0255556	C	0.568864
H	0.105404	B	0.0211797	C	0.873416
H	0.119786	B	0.0335939	C	0.84662
H	0.146864	B	0.0846505	C	0.768486
H	0.178853	B	0.149112	C	0.672035
H	0.175345	B	0.254692	C	0.569963
H	0.13584	B	0.259233	C	0.604927
H	0.0924484	B	0.159187	C	0.748364
H	0.261381	B	0.0840904	C	0.654529
H	0.348281	B	0.0955636	C	0.556155
H	0.423104	B	0.176816	C	0.40008
H	0.422962	B	0.287384	C	0.289654
H	0.421929	B	0.37669	C	0.201382
H	0.432599	B	0.419636	C	0.147764
H	0.406808	B	0.420266	C	0.172927
H	0.399455	B	0.343078	C	0.257467
H	0.369735	B	0.227951	C	0.402314
H	0.332853	B	0.149055	C	0.518092
H	0.468142	B	0.0850719	C	0.446786
H	0.496915	B	0.0769087	C	0.426176
H	0.512328	B	0.112297	C	0.375375
H	0.477716	B	0.165339	C	0.356945
H	0.391031	B	0.185126	C	0.423842
H	0.238079	B	0.149923	C	0.611998
H	0.10833	B	0.0724482	C	0.819222
H	0.0255071	B	0.0369384	C	0.937554
H	0.0159874	B	0.042194	C	0.941819
H	0.0328694	B	0.0431882	C	0.923942
H	0.121052	B	0.0614647	C	0.817484
H	0.236379	B	0.110463	C	0.653158
H	0.288779	B	0.0857369	C	0.625484
H	0.649537	B	0.0459497	C	0.304514
H	0.693781	B	0.0516512	C	0.254568
H	0.748097	B	0.0494289	C	0.202474
H	0.812003	B	0.044271	C	0.143726
H	0.828234	B	0.0437122	C	0.128054
H	0.846281	B	0.0472119	C	0.106507
H	0.820987	B	0.0449505	C	0.134062
H	0.765294	B	0.0397701	C	0.194936
H	0.657901	B	0.0353473	C	0.306752
H	0.64899	B	0.0519193	C	0.299091
H	0.644419	B	0.0801392	C	0.275442
H	0.647187	B	0.0875403	C	0.265273
H	0.674779	B	0.0706656	C	0.254555
H	0.67233	B	0.0524729	C	0.275197
H	0.687273	B	0.0582816	C	0.254446
H	0.674963	B	0.0707151	C	0.254322
H	0.642006	B	0.0724866	C	0.285507
H	0.60364	B	0.08654	C	0.30982
H	0.568253	B	0.147948	C	0.283799
H	0.534876	B	0.218554	C	0.24657
H	0.488326	B	0.253133	C	0.258541
H	0.435979	B	0.243697	C	0.320325
H	0.326467	B	0.180407	C	0.493126
H	0.281952	B	0.109863	C	0.608185
H	0.328957	B	0.157398	C	0.513645
H	0.373781	B	0.270223	C	0.355996
H	0.480867	B	0.29018	C	0.228953
H	0.487302	B	0.29565	C	0.217048
H	0.436479	B	0.286382	C	0.277139
H	0.306412	B	0.183929	C	0.509659
H	0.135656	B	0.0797189	C	0.784625
H	0.105558	B	0.0629238	C	0.831518
H	0.0931575	B	0.167677	C	0.739166
H	0.0808547	B	0.536374	C	0.382771
H	0.0579356	B	0.732962	C	0.209102
H	0.0590803	B	0.849138	C	0.0917817
H	0.0600949	B	0.888874	C	0.0510309
H	0.0547475	B	0.895348	C	0.0499049
H	0.055632	B	0.867131	C	0.0772374
H	0.0671856	B	0.740352	C	0.192463
H	0.0993862	B	0.446059	C	0.454555
H	0.142796	B	0.178548	C	0.678656
H	0.217148	B	0.200738	C	0.582115
H	0.247378	B	0.330448	C	0.422174
H	0.240754	B	0.37897	C	0.380275
H	0.284618	B	0.36375	C	0.351632
H	0.316247	B	0.271711	C	0.412042
H	0.352198	B	0.173679	C	0.474122
H	0.388958	B	0.211924	C	0.399118
H	0.395752	B	0.313856	C	0.290391
H	0.411485	B	0.367322	C	0.221193
H	0.396032	B	0.363075	C	0.240893
H	0.361882	B	0.338198	C	0.299919
H	0.315299	B	0.288757	C	0.395944
H	0.236957	B	0.15294	C	0.610103
H	0.203026	B	0.0904133	C	0.70656
H	0.139478	B	0.0880551	C	0.772467
H	0.0840776	B	0.109776	C	0.806146
H	0.0796404	B	0.244076	C	0.676284
H	0.0920661	B	0.43396	C	0.473974
H	0.0829504	B	0.493423	C	0.423627
H	0.11063	B	0.616013	C	0.273357
H	0.127783	B	0.69806	C	0.174158
H	0.114617	B	0.691545	C	0.193838
H	0.111368	B	0.592873	C	0.295759
H	0.18466	B	0.409825	C	0.405515
H	0.222868	B	0.285346	C	0.491786
H	0.248272	B	0.294	C	0.457727
H	0.206564	B	0.321549	C	0.471886
H	0.132743	B	0.274788	C	0.592469
H	0.0356392	B	0.139613	C	0.824748
H	0.0703161	B	0.0454383	C	0.884246
H	0.143549	B	0.0323216	C	0.824129
H	0.268655	B	0.0585649	C	0.67278
H	0.294266	B	0.124292	C	0.581442
H	0.34407	B	0.246053	C	0.409877
H	0.438872	B	0.370165	C	0.190963
H	0.470316	B	0.379014	C	0.15067
H	0.497166	B	0.344134	C	0.1587
H	0.493021	B	0.304172	C	0.202807
H	0.387395	B	0.245997	C	0.366608
H	0.219433	B	0.139709	C	0.640859
H	0.141627	B	0.0485566	C	0.809816
H	0.200813	B	0.0288808	C	0.770306
H	0.33671	B	0.0390164	C	0.624273
H	0.58412	B	0.0837096	C	0.33217
H	0.710984	B	0.141041	C	0.147975
H	0.738073	B	0.180557	C	0.0813694
H	0.768251	B	0.193529	C	0.0382203
H	0.786006	B	0.186902	C	0.0270922
H	0.780581	B	0.192836	C	0.0265837
H	0.781001	B	0.187015	C	0.0319839
H	0.778985	B	0.176365	C	0.0446498
H	0.765781	B	0.158034	C	0.0761845
H	0.729501	B	0.117043	C	0.153457
H	0.623961	B	0.0709432	C	0.305096
H	0.325034	B	0.0379986	C	0.636968
H	0.171561	B	0.0375126	C	0.790926
H	0.29766	B	0.0866965	C	0.615643
H	0.374036	B	0.197378	C	0.428585
H	0.436264	B	0.279687	C	0.284049
H	0.420691	B	0.30214	C	0.277169
H	0.365427	B	0.287542	C	0.34703
H	0.263907	B	0.191048	C	0.545046
H	0.222063	B	0.136011	C	0.641926
H	0.111749	B	0.118893	C	0.769358
H	0.0485418	B	0.20876	C	0.742698
H	0.0351437	B	0.527215	C	0.437641
H	0.0352092	B	0.81501	C	0.14978
H	0.0338159	B	0.891218	C	0.074966
H	0.0356118	B	0.875871	C	0.0885173
H	0.0299463	B	0.731713	C	0.238341
H	0.0294161	B	0.376165	C	0.594419
H	0.0601985	B	0.166708	C	0.773093
H	0.176872	B	0.07339	C	0.749738
H	0.435768	B	0.0384584	C	0.525773
H	0.612444	B	0.0495689	C	0.337987
H	0.674498	B	0.0829229	C	0.242579
H	0.671652	B	0.113339	C	0.215009
H	0.576292	B	0.119983	C	0.303725
H	0.339406	B	0.110934	C	0.549659
H	0.036226	B	0.0614602	C	0.902314
H	0.0248972	B	0.0222257	C	0.952877
H	0.585791	B	0.0126898	C	0.401519
H	0.635714	B	0.0198018	C	0.344484
H	0.677052	B	0.0341132	C	0.288835
H	0.672519	B	0.0623179	C	0.265163
H	0.655852	B	0.0955951	C	0.248553
H	0.643972	B	0.117461	C	0.238567
H	0.636704	B	0.113272	C	0.250025
H	0.598201	B	0.0840858	C	0.317713
H	0.517821	B	0.0482064	C	0.433973
H	0.486484	B	0.023829	C	0.489687
H	0.920382	B	0.0105384	C	0.0690792
H	0.943769	B	0.0110454	C	0.0451854
H	0.95304	B	0.0132671	C	0.0336925
H	0.956218	B	0.0134157	C	0.030366
H	0.947338	B	0.015919	C	0.0367431
H	0.935388	B	0.0181888	C	0.0464236
H	0.926011	B	0.0253978	C	0.0485912
H	0.886052	B	0.0403872	C	0.0735607
H	0.818505	B	0.0584794	C	0.123015
H	0.73239	B	0.0700235	C	0.197587
H	0.580442	B	0.0875919	C	0.331966
H	0.311263	B	0.105349	C	0.583388
H	0.1148	B	0.063014	C	0.822186
H	0.118516	B	0.105302	C	0.776182
H	0.113786	B	0.535459	C	0.350755
H	0.0980003	B	0.791048	C	0.110952
H	0.0935588	B	0.82747	C	0.078971
H	0.0824289	B	0.78298	C	0.134591
H	0.0856182	B	0.566869	C	0.347513
H	0.134462	B	0.221841	C	0.643697
H	0.261402	B	0.116698	C	0.621901
H	0.514834	B	0.133714	C	0.351451
H	0.624793	B	0.156879	C	0.218328
H	0.694042	B	0.191162	C	0.114797
H	0.72055	B	0.221271	C	0.0581789
H	0.729555	B	0.226665	C	0.0437796
H	0.734163	B	0.211679	C	0.0541578
H	0.702422	B	0.199608	C	0.09797
H	0.666891	B	0.170832	C	0.162277
H	0.601938	B	0.126094	C	0.271968
H	0.444324	B	0.0680905	C	0.487585
H	0.220734	B	0.0474221	C	0.731844
H	0.0963756	B	0.0309318	C	0.872693
H	0.0726296	B	0.068449	C	0.858921
H	0.0865049	B	0.434862	C	0.478633
H	0.0718774	B	0.689462	C	0.238661
H	0.0678238	B	0.816552	C	0.115624
H	0.0689009	B	0.840013	C	0.0910863
H	0.0680083	B	0.790069	C	0.141923
H	0.0851438	B	0.624203	C	0.290653
H	0.1014	B	0.349665	C	0.548935
H	0.105705	B	0.171303	C	0.722992
H	0.0865395	B	0.237762	C	0.675699
H	0.0787542	B	0.590094	C	0.331152
H	0.0648833	B	0.714567	C	0.22055
H	0.0626445	B	0.693452	C	0.243903
H	0.0603706	B	0.544316	C	0.395314
H	0.045098	B	0.310952	C	0.64395
H	0.0541234	B	0.175451	C	0.770426
H	0.0427861	B	0.140022	C	0.817192
H	0.0766976	B	0.143424	C	0.779878
H	0.0728741	B	0.147514	C	0.779612
H	0.0774857	B	0.123678	C	0.798836
H	0.102402	B	0.0721454	C	0.825453
H	0.401965	B	0.0506678	C	0.547368
H	0.447431	B	0.107326	C	0.445243
H	0.488697	B	0.234595	C	0.276708
H	0.454337	B	0.274489	C	0.271174
H	0.409417	B	0.227393	C	0.36319
H	0.299036	B	0.164599	C	0.536365
H	0.137149	B	0.0895483	C	0.773303
H	0.0999395	B	0.15804	C	0.742021
H	0.11191	B	0.516263	C	0.371827
H	0.0926294	B	0.804934	C	0.102436
H	0.0864153	B	0.868791	C	0.0447936
H	0.0980111	B	0.864876	C	0.0371132
H	0.0959043	B	0.840431	C	0.0636643
H	0.11689	B	0.716116	C	0.166995
H	0.12003	B	0.527906	C	0.352065
H	0.125951	B	0.406308	C	0.467741
H	0.0799477	B	0.297415	C	0.622637
H	0.0173411	B	0.141389	C	0.84127
H	0.0223686	B	0.044991	C	0.93264
H	0.0829151	B	0.0266169	C	0.890468
H	0.101853	B	0.0270917	C	0.871055
H	0.0895486	B	0.032776	C	0.877675
H	0.0318044	B	0.0350618	C	0.933134
H	0.263283	B	0.0300369	C	0.70668
H	0.435638	B	0.0300756	C	0.534286
H	0.501087	B	0.0328744	C	0.466038
H	0.467172	B	0.0286876	C	0.50414
H	0.53756	B	0.0181698	C	0.44427
H	0.704478	B	0.0170251	C	0.278497
H	0.822158	B	0.0214337	C	0.156409
H	0.874426	B	0.0192674	C	0.106306
H	0.903325	B	0.0152064	C	0.0814684
H	0.927368	B	0.0122538	C	0.0603787
H	0.940929	B	0.0108381	C	0.0482325
H	0.960815	B	0.0104085	C	0.0287766
H	0.965094	B	0.0104167	C	0.0244893
H	0.964756	B	0.0107087	C	0.0245353
H	0.962648	B	0.0113743	C	0.0259773
H	0.95146	B	0.0132389	C	0.035301
H	0.923553	B	0.0151561	C	0.0612906
H	0.869611	B	0.0174551	C	0.112934
H	0.790745	B	0.0191998	C	0.190055
H	0.73707	B	0.0234986	C	0.239431
H	0.685855	B	0.0299167	C	0.284228
H	0.626618	B	0.0402499	C	0.333132
H	0.576429	B	0.0455948	C	0.377976
H	0.591854	B	0.0466288	C	0.361517
H	0.5724	B	0.0426989	C	0.384901
H	0.530504	B	0.0403266	C	0.429169
H	0.570307	B	0.0396226	C	0.390071
H	0.573557	B	0.0492611	C	0.377182
H	0.573199	B	0.0805677	C	0.346233
H	0.600038	B	0.112722	C	0.28724
H	0.564039	B	0.104914	C	0.331047
H	0.753493	B	0.0590993	C	0.187408
H	0.848414	B	0.024165	C	0.127421
H	0.917198	B	0.0143624	C	0.0684396
H	0.958347	B	0.0108439	C	0.0308095
H	0.970837	B	0.00916512	C	0.019998
H	0.976177	B	0.00838066	C	0.0154428
H	0.976989	B	0.00755098	C	0.0154596
H	0.975232	B	0.0071917	C	0.0175764
H	0.967508	B	0.00786055	C	0.024631
H	0.943205	B	0.0083452	C	0.0484495
H	0.869519	B	0.00918322	C	0.121298
H	0.679006	B	0.0105131	C	0.310481
H	0.380407	B	0.0122197	C	0.607373
H	0.00320067	B	0.0014599	C	0.995339
