H	0.00363748	B	0.00161114	C	0.994751
H	0.281765	B	0.113668	C	0.604567
H	0.381931	B	0.14671	C	0.47136
H	0.477141	B	0.135527	C	0.387332
H	0.720778	B	0.0821914	C	0.197031
H	0.784077	B	0.0536494	C	0.162274
H	0.908567	B	0.0272619	C	0.0641716
H	0.951225	B	0.0172861	C	0.0314892
H	0.957055	B	0.0164137	C	0.0265313
H	0.962696	B	0.0152131	C	0.022091
H	0.964094	B	0.0135745	C	0.0223319
H	0.957297	B	0.0143468	C	0.028356
H	0.938703	B	0.0178013	C	0.0434961
H	0.877307	B	0.0216164	C	0.101076
H	0.530409	B	0.025598	C	0.443993
H	0.112843	B	0.0230332	C	0.864124
H	0.107991	B	0.0322458	C	0.859763
H	0.115028	B	0.0528319	C	0.832141
H	0.164662	B	0.108986	C	0.726352
H	0.184411	B	0.234874	C	0.580714
H	0.202375	B	0.312537	C	0.485088
H	0.235264	B	0.323584	C	0.441151
H	0.299477	B	0.346695	C	0.353828
H	0.353257	B	0.314341	C	0.332402
H	0.676159	B	0.173741	C	0.1501
H	0.724344	B	0.115873	C	0.159783
H	0.748718	B	0.106053	C	0.145229
H	0.792919	B	0.120185	C	0.0868956
H	0.802599	B	0.128339	C	0.0690618
H	0.786753	B	0.131088	C	0.0821597
H	0.790053	B	0.115511	C	0.0944361
H	0.736228	B	0.113101	C	0.150671
H	0.682926	B	0.118251	C	0.198822
H	0.637032	B	0.11288	C	0.250089
H	0.520983	B	0.0994144	C	0.379602
H	0.327342	B	0.0672953	C	0.605363
H	0.141005	B	0.0555235	C	0.803472
H	0.138973	B	0.137051	C	0.723976
H	0.122465	B	0.23069	C	0.646845
H	0.165449	B	0.351299	C	0.483252
H	0.198154	B	0.395289	C	0.406557
H	0.213067	B	0.392972	C	0.39396
H	0.203756	B	0.397953	C	0.39829
H	0.176612	B	0.404106	C	0.419282
H	0.149247	B	0.347253	C	0.5035
H	0.125775	B	0.253703	C	0.620522
H	0.148577	B	0.138297	C	0.713126
H	0.109928	B	0.0944266	C	0.795646
H	0.132834	B	0.111693	C	0.755474
H	0.149929	B	0.179691	C	0.67038
H	0.171663	B	0.187772	C	0.640565
H	0.180457	B	0.17611	C	0.643433
H	0.198821	B	0.202949	C	0.59823
H	0.206907	B	0.322885	C	0.470208
H	0.191905	B	0.445069	C	0.363026
H	0.194866	B	0.603347	C	0.201787
H	0.170076	B	0.694692	C	0.135232
H	0.144712	B	0.704832	C	0.150456
H	0.12872	B	0.621403	C	0.249877
H	0.138063	B	0.385946	C	0.475991
H	0.219587	B	0.287969	C	0.492443
H	0.244951	B	0.385666	C	0.369383
H	0.238273	B	0.482804	C	0.278923
H	0.218219	B	0.494094	C	0.287687
H	0.188125	B	0.393876	C	0.417999
H	0.116855	B	0.197572	C	0.685573
H	0.0631893	B	0.0554485	C	0.881362
H	0.0267839	B	0.040442	C	0.932774
H	0.026795	B	0.0891777	C	0.884027
H	0.0268393	B	0.0929164	C	0.880244
H	0.226967	B	0.0799184	C	0.693114
H	0.299261	B	0.13082	C	0.569919
H	0.373044	B	0.244659	C	0.382297
H	0.361259	B	0.326407	C	0.312334
H	0.343972	B	0.311791	C	0.344237
H	0.374863	B	0.30966	C	0.315477
H	0.359134	B	0.308269	C	0.332597
H	0.37332	B	0.319131	C	0.307549
H	0.36668	B	0.279411	C	0.353909
H	0.386015	B	0.194991	C	0.418994
H	0.621448	B	0.109785	C	0.268767
H	0.742014	B	0.0792849	C	0.178701
H	0.798486	B	0.0719517	C	0.129563
H	0.782947	B	0.065081	C	0.151972
H	0.748149	B	0.0434855	C	0.208366
H	0.674441	B	0.029562	C	0.295997
H	0.580466	B	0.020146	C	0.399388
H	0.547065	B	0.0151328	C	0.437802
H	0.887697	B	0.0143914	C	0.0979114
H	0.921476	B	0.0164634	C	0.0620608
H	0.934761	B	0.0152022	C	0.0500371
H	0.950873	B	0.0193662	C	0.0297604
H	0.943359	B	0.0266209	C	0.0300197
H	0.932929	B	0.0286446	C	0.0384268
H	0.908082	B	0.0288455	C	0.063072
H	0.880705	B	0.029216	C	0.0900794
H	0.855624	B	0.0355958	C	0.10878
H	0.819513	B	0.0487313	C	0.131756
H	0.749435	B	0.0641797	C	0.186386
H	0.508456	B	0.0797824	C	0.411761
H	0.256104	B	0.0722004	C	0.671695
H	0.0179618	B	0.0202565	C	0.961782
H	0.537987	B	0.0123844	C	0.449629
H	0.595329	B	0.0206684	C	0.384002
H	0.64182	B	0.0380017	C	0.320178
H	0.628936	B	0.14165	C	0.229415
H	0.65458	B	0.237947	C	0.107473
H	0.677525	B	0.270877	C	0.0515981
H	0.692202	B	0.269678	C	0.0381204
H	0.689738	B	0.27357	C	0.0366926
H	0.682537	B	0.252578	C	0.0648856
H	0.650468	B	0.224257	C	0.125275
H	0.623107	B	0.164269	C	0.212624
H	0.556587	B	0.0854516	C	0.357961
H	0.48253	B	0.061758	C	0.455712
H	0.369758	B	0.0536179	C	0.576625
H	0.280581	B	0.0419195	C	0.6775
H	0.375064	B	0.0291186	C	0.595818
H	0.561786	B	0.0289729	C	0.409241
H	0.634755	B	0.0319167	C	0.333328
H	0.837007	B	0.0451411	C	0.117852
H	0.872371	B	0.0612931	C	0.0663359
H	0.870188	B	0.0756673	C	0.0541442
H	0.850478	B	0.0848549	C	0.064667
H	0.792447	B	0.0950182	C	0.112535
H	0.699908	B	0.0681913	C	0.231901
H	0.494378	B	0.0524473	C	0.453175
H	0.261989	B	0.0475391	C	0.690472
H	0.0310868	B	0.0285442	C	0.940369
H	0.00306337	B	0.00181658	C	0.99512
