H	0.00359535	B	0.00211739	C	0.994287
H	0.0214394	B	0.0652637	C	0.913297
H	0.0150856	B	0.0577943	C	0.92712
H	0.0134715	B	0.0570675	C	0.929461
H	0.0161276	B	0.0432476	C	0.940625
H	0.0250942	B	0.0394614	C	0.935444
H	0.0293865	B	0.0637761	C	0.906837
H	0.0447378	B	0.146925	C	0.808338
H	0.064577	B	0.238281	C	0.697142
H	0.050609	B	0.219205	C	0.730187
H	0.0613771	B	0.176694	C	0.761929
H	0.0503778	B	0.11244	C	0.837182
H	0.0574052	B	0.119926	C	0.822669
H	0.051722	B	0.202959	C	0.745319
H	0.0382572	B	0.246754	C	0.714989
H	0.0211949	B	0.178056	C	0.800749
H	0.0290328	B	0.0970381	C	0.873929
H	0.0339833	B	0.0744144	C	0.891602
H	0.0391303	B	0.111889	C	0.848981
H	0.025326	B	0.0921604	C	0.882514
H	0.0206818	B	0.0912143	C	0.888104
H	0.0367351	B	0.0682689	C	0.894996
H	0.0443053	B	0.040809	C	0.914886
H	0.0610675	B	0.0668228	C	0.87211
H	0.0510828	B	0.118977	C	0.82994
H	0.0380576	B	0.196704	C	0.765238
H	0.0191877	B	0.13491	C	0.845902
H	0.0220367	B	0.0570704	C	0.920893
H	0.0597309	B	0.0447421	C	0.895527
H	0.0666574	B	0.0607505	C	0.872592
H	0.0541659	B	0.0636147	C	0.882219
H	0.0543836	B	0.0832201	C	0.862396
H	0.0548774	B	0.125718	C	0.819404
H	0.0671396	B	0.168607	C	0.764254
H	0.0659385	B	0.216949	C	0.717113
H	0.0376837	B	0.181628	C	0.780688
H	0.0363128	B	0.161633	C	0.802054
H	0.0496333	B	0.145665	C	0.804701
H	0.0602305	B	0.105382	C	0.834387
H	0.0565977	B	0.0928394	C	0.850563
H	0.058621	B	0.102822	C	0.838557
H	0.069225	B	0.150835	C	0.77994
H	0.0685626	B	0.203737	C	0.7277
H	0.0402666	B	0.165273	C	0.79446
H	0.0400024	B	0.146816	C	0.813181
H	0.0539853	B	0.132693	C	0.813321
H	0.0652015	B	0.0968698	C	0.837929
H	0.0593621	B	0.0872113	C	0.853427
H	0.0621539	B	0.0993215	C	0.838525
H	0.0711669	B	0.146839	C	0.781994
H	0.0681216	B	0.197525	C	0.734353
H	0.0391999	B	0.162803	C	0.797997
H	0.0377463	B	0.144868	C	0.817386
H	0.0501428	B	0.132217	C	0.81764
H	0.0602794	B	0.0970819	C	0.842639
H	0.0541884	B	0.0877395	C	0.858072
H	0.0562289	B	0.10136	C	0.842411
H	0.0641942	B	0.151705	C	0.784101
H	0.0630536	B	0.204628	C	0.732319
H	0.036476	B	0.169883	C	0.793641
H	0.0351676	B	0.152599	C	0.812233
H	0.0504119	B	0.139127	C	0.810462
H	0.0617295	B	0.102739	C	0.835531
H	0.0558659	B	0.0938409	C	0.850293
H	0.0648583	B	0.108688	C	0.826454
H	0.0933356	B	0.169187	C	0.737477
H	0.137647	B	0.234869	C	0.627484
H	0.114529	B	0.202563	C	0.682908
H	0.107579	B	0.179461	C	0.71296
H	0.0779639	B	0.124109	C	0.797927
H	0.0962471	B	0.103419	C	0.800334
H	0.112696	B	0.143936	C	0.743368
H	0.148554	B	0.226815	C	0.624631
H	0.197592	B	0.250886	C	0.551522
H	0.209603	B	0.231693	C	0.558703
H	0.2088	B	0.24149	C	0.54971
H	0.15729	B	0.223138	C	0.619572
H	0.0817767	B	0.146173	C	0.772051
H	0.0363309	B	0.0755389	C	0.88813
H	0.0456065	B	0.0537304	C	0.900663
H	0.0565073	B	0.0475452	C	0.895948
H	0.0591641	B	0.0515846	C	0.889251
H	0.173061	B	0.0514701	C	0.775469
H	0.271053	B	0.0683699	C	0.660577
H	0.332778	B	0.0828692	C	0.584352
H	0.378371	B	0.0985264	C	0.523103
H	0.556034	B	0.134821	C	0.309146
H	0.620162	B	0.159492	C	0.220346
H	0.640399	B	0.170285	C	0.189316
H	0.663595	B	0.146305	C	0.190101
H	0.67663	B	0.117764	C	0.205607
H	0.685841	B	0.107683	C	0.206476
H	0.696353	B	0.121787	C	0.18186
H	0.675863	B	0.137167	C	0.18697
H	0.607288	B	0.138015	C	0.254697
H	0.444551	B	0.137842	C	0.417607
H	0.332757	B	0.186299	C	0.480944
H	0.30957	B	0.308991	C	0.381439
H	0.310537	B	0.479224	C	0.210239
H	0.289685	B	0.500871	C	0.209444
H	0.248716	B	0.401179	C	0.350105
H	0.239719	B	0.274169	C	0.486112
H	0.303299	B	0.249665	C	0.447036
H	0.357891	B	0.201749	C	0.440361
H	0.41457	B	0.227122	C	0.358309
H	0.442594	B	0.317468	C	0.239938
H	0.443676	B	0.335675	C	0.220649
H	0.436822	B	0.272959	C	0.290219
H	0.425832	B	0.199798	C	0.374371
H	0.395633	B	0.165489	C	0.438878
H	0.363485	B	0.154736	C	0.48178
H	0.265819	B	0.135926	C	0.598255
H	0.149063	B	0.109759	C	0.741178
H	0.0744974	B	0.111402	C	0.814101
H	0.0785025	B	0.195636	C	0.725862
H	0.125229	B	0.550603	C	0.324169
H	0.119974	B	0.668474	C	0.211552
H	0.108505	B	0.652686	C	0.238809
H	0.0800637	B	0.518614	C	0.401322
H	0.064931	B	0.261207	C	0.673862
H	0.125297	B	0.158984	C	0.715719
H	0.204829	B	0.116177	C	0.678994
H	0.39596	B	0.101617	C	0.502423
H	0.44295	B	0.0885767	C	0.468473
H	0.506653	B	0.0993349	C	0.394012
H	0.568741	B	0.145699	C	0.285559
H	0.598578	B	0.191565	C	0.209857
H	0.612645	B	0.199014	C	0.188342
H	0.628566	B	0.17357	C	0.197864
H	0.618734	B	0.137469	C	0.243797
H	0.580234	B	0.109388	C	0.310379
H	0.54176	B	0.113665	C	0.344575
H	0.43471	B	0.136089	C	0.4292
H	0.301989	B	0.148265	C	0.549746
H	0.0560258	B	0.0842282	C	0.859746
H	0.0675995	B	0.0547145	C	0.877686
H	0.0895015	B	0.103901	C	0.806597
H	0.106105	B	0.410702	C	0.483193
H	0.075326	B	0.64377	C	0.280904
H	0.0536387	B	0.725282	C	0.221079
H	0.0379194	B	0.705801	C	0.25628
H	0.0252028	B	0.504888	C	0.469909
H	0.0625556	B	0.347851	C	0.589593
H	0.229648	B	0.17442	C	0.595931
H	0.285145	B	0.136876	C	0.577979
H	0.326902	B	0.166006	C	0.507092
H	0.291624	B	0.191995	C	0.516381
H	0.269857	B	0.155843	C	0.5743
H	0.240655	B	0.0916431	C	0.667702
H	0.257038	B	0.0865526	C	0.656409
H	0.230995	B	0.0955888	C	0.673416
H	0.221424	B	0.1686	C	0.609976
H	0.257881	B	0.337364	C	0.404755
H	0.266207	B	0.409182	C	0.324611
H	0.276851	B	0.384712	C	0.338437
H	0.267765	B	0.339653	C	0.392582
H	0.246976	B	0.409514	C	0.34351
H	0.213689	B	0.522794	C	0.263516
H	0.171987	B	0.601947	C	0.226065
H	0.143835	B	0.677353	C	0.178812
H	0.132346	B	0.697789	C	0.169864
H	0.140495	B	0.639479	C	0.220026
H	0.127395	B	0.532284	C	0.340321
H	0.125397	B	0.449055	C	0.425548
H	0.0888174	B	0.455554	C	0.455629
H	0.0607185	B	0.583812	C	0.355469
H	0.0509323	B	0.651632	C	0.297436
H	0.0484712	B	0.670713	C	0.280815
H	0.050084	B	0.62439	C	0.325526
H	0.0467514	B	0.462896	C	0.490353
H	0.054904	B	0.295369	C	0.649727
H	0.0720212	B	0.165113	C	0.762866
H	0.0828317	B	0.0943367	C	0.822832
H	0.105237	B	0.124377	C	0.770387
H	0.0994392	B	0.192855	C	0.707706
H	0.12623	B	0.208347	C	0.665423
H	0.118723	B	0.146363	C	0.734914
H	0.66867	B	0.0690058	C	0.262324
H	0.682595	B	0.0476761	C	0.269729
H	0.722968	B	0.043681	C	0.233351
H	0.875692	B	0.0483309	C	0.0759774
H	0.899732	B	0.0484175	C	0.0518509
H	0.915587	B	0.0434444	C	0.0409687
H	0.935027	B	0.0316549	C	0.0333184
H	0.937409	B	0.0309203	C	0.0316707
H	0.93123	B	0.0352662	C	0.0335039
H	0.923597	B	0.0392848	C	0.037118
H	0.910432	B	0.0454456	C	0.044122
H	0.876986	B	0.0519426	C	0.0710716
H	0.818864	B	0.0683211	C	0.112815
H	0.714135	B	0.0951034	C	0.190762
H	0.590056	B	0.126874	C	0.28307
H	0.526413	B	0.161799	C	0.311788
H	0.462627	B	0.198259	C	0.339114
H	0.452269	B	0.216506	C	0.331226
H	0.425479	B	0.225695	C	0.348826
H	0.444187	B	0.206424	C	0.349389
H	0.490088	B	0.173401	C	0.336511
H	0.517164	B	0.140685	C	0.342151
H	0.529945	B	0.137388	C	0.332667
H	0.549975	B	0.178385	C	0.27164
H	0.567523	B	0.23288	C	0.199597
H	0.557755	B	0.284544	C	0.157701
H	0.503113	B	0.308192	C	0.188695
H	0.393983	B	0.26347	C	0.342546
H	0.207891	B	0.149288	C	0.642821
H	0.067426	B	0.0701078	C	0.862466
H	0.0488727	B	0.148279	C	0.802848
H	0.0551929	B	0.532063	C	0.412744
H	0.0612656	B	0.786114	C	0.152621
H	0.0754659	B	0.848354	C	0.0761798
H	0.0689095	B	0.825661	C	0.105429
H	0.0352093	B	0.694117	C	0.270674
H	0.0242187	B	0.353969	C	0.621813
H	0.0236036	B	0.0852889	C	0.891107
H	0.264134	B	0.0264985	C	0.709367
H	0.49984	B	0.0466862	C	0.453474
H	0.630688	B	0.217228	C	0.152084
H	0.633421	B	0.303427	C	0.0631523
H	0.660376	B	0.30061	C	0.0390139
H	0.705323	B	0.262022	C	0.032655
H	0.731703	B	0.232485	C	0.0358125
H	0.751175	B	0.202189	C	0.0466365
H	0.764173	B	0.19001	C	0.0458167
H	0.773207	B	0.185857	C	0.0409361
H	0.765067	B	0.195421	C	0.0395124
H	0.753158	B	0.201619	C	0.0452227
H	0.727883	B	0.200739	C	0.0713786
H	0.585655	B	0.217139	C	0.197205
H	0.357162	B	0.143972	C	0.498867
H	0.00318147	B	0.00182588	C	0.994993
