H	0.0031421	B	0.00193425	C	0.994924
H	0.0222382	B	0.0579251	C	0.919837
H	0.0228496	B	0.0696847	C	0.907466
H	0.0142344	B	0.0646259	C	0.92114
H	0.0144585	B	0.0525755	C	0.932966
H	0.077543	B	0.0435661	C	0.878891
H	0.0987889	B	0.0507468	C	0.850464
H	0.171488	B	0.0806061	C	0.747906
H	0.38109	B	0.0878716	C	0.531038
H	0.397671	B	0.0984393	C	0.50389
H	0.462753	B	0.106764	C	0.430483
H	0.450684	B	0.132258	C	0.417057
H	0.433704	B	0.151045	C	0.415251
H	0.452432	B	0.130936	C	0.416632
H	0.415349	B	0.0800751	C	0.504576
H	0.423136	B	0.0560293	C	0.520835
H	0.624193	B	0.068594	C	0.307213
H	0.737544	B	0.0865243	C	0.175931
H	0.756606	B	0.0923653	C	0.151029
H	0.755703	B	0.0896265	C	0.15467
H	0.763629	B	0.0831953	C	0.153176
H	0.723821	B	0.0778497	C	0.19833
H	0.680139	B	0.0875138	C	0.232347
H	0.620399	B	0.0867356	C	0.292866
H	0.499528	B	0.0843581	C	0.416114
H	0.389962	B	0.0945141	C	0.515524
H	0.362201	B	0.16098	C	0.476819
H	0.361121	B	0.264024	C	0.374855
H	0.344021	B	0.31502	C	0.340959
H	0.323316	B	0.400472	C	0.276212
H	0.271934	B	0.436591	C	0.291475
H	0.224768	B	0.512416	C	0.262816
H	0.212954	B	0.529175	C	0.257871
H	0.194134	B	0.500437	C	0.305429
H	0.205121	B	0.414055	C	0.380824
H	0.170202	B	0.336411	C	0.493387
H	0.138031	B	0.316009	C	0.54596
H	0.128255	B	0.266911	C	0.604834
H	0.186267	B	0.23977	C	0.573964
H	0.242679	B	0.220965	C	0.536357
H	0.274018	B	0.168039	C	0.557943
H	0.236206	B	0.171184	C	0.592609
H	0.162229	B	0.16087	C	0.676901
H	0.0200153	B	0.0807775	C	0.899207
H	0.0219108	B	0.0675759	C	0.910513
H	0.0234501	B	0.0669004	C	0.909649
H	0.063127	B	0.0819059	C	0.854967
H	0.075333	B	0.161056	C	0.763611
H	0.0816732	B	0.291153	C	0.627174
H	0.0999815	B	0.45074	C	0.449278
H	0.112835	B	0.538474	C	0.348691
H	0.130758	B	0.491266	C	0.377976
H	0.209491	B	0.402724	C	0.387785
H	0.328383	B	0.37144	C	0.300177
H	0.357523	B	0.425944	C	0.216533
H	0.372638	B	0.420491	C	0.20687
H	0.379546	B	0.358538	C	0.261916
H	0.382523	B	0.306998	C	0.310479
H	0.336375	B	0.232427	C	0.431198
H	0.272808	B	0.199602	C	0.52759
H	0.245468	B	0.246017	C	0.508515
H	0.20854	B	0.218518	C	0.572942
H	0.157344	B	0.152491	C	0.690165
H	0.130476	B	0.210494	C	0.659031
H	0.0930697	B	0.401365	C	0.505565
H	0.0771794	B	0.669894	C	0.252926
H	0.0607822	B	0.838076	C	0.101142
H	0.0642598	B	0.897528	C	0.0382125
H	0.0744614	B	0.898004	C	0.0275347
H	0.0757605	B	0.888631	C	0.0356086
H	0.0743577	B	0.850133	C	0.0755093
H	0.0620474	B	0.721033	C	0.216919
H	0.0420762	B	0.535619	C	0.422305
H	0.0223998	B	0.178093	C	0.799507
H	0.0287951	B	0.0649536	C	0.906251
H	0.0372749	B	0.0584496	C	0.904276
H	0.0324241	B	0.0536361	C	0.91394
H	0.194195	B	0.0726752	C	0.73313
H	0.229098	B	0.285474	C	0.485428
H	0.230472	B	0.448879	C	0.320649
H	0.172456	B	0.507819	C	0.319725
H	0.131342	B	0.433388	C	0.43527
H	0.0968705	B	0.293922	C	0.609208
H	0.101353	B	0.250527	C	0.64812
H	0.125473	B	0.278564	C	0.595963
H	0.164279	B	0.342346	C	0.493375
H	0.195411	B	0.365045	C	0.439544
H	0.206024	B	0.308304	C	0.485671
H	0.214989	B	0.333982	C	0.451029
H	0.230089	B	0.390251	C	0.37966
H	0.259396	B	0.379828	C	0.360777
H	0.261335	B	0.36081	C	0.377855
H	0.250458	B	0.42586	C	0.323682
H	0.21629	B	0.441489	C	0.342221
H	0.193336	B	0.390159	C	0.416505
H	0.175507	B	0.253196	C	0.571297
H	0.191554	B	0.153905	C	0.654542
H	0.185898	B	0.114935	C	0.699167
H	0.206853	B	0.130145	C	0.663003
H	0.227024	B	0.233615	C	0.539361
H	0.221121	B	0.364472	C	0.414407
H	0.232307	B	0.475087	C	0.292606
H	0.24949	B	0.592927	C	0.157584
H	0.247932	B	0.633446	C	0.118621
H	0.243205	B	0.605274	C	0.151521
H	0.179503	B	0.560613	C	0.259884
H	0.104991	B	0.380754	C	0.514255
H	0.00302731	B	0.00291057	C	0.994062
