H	0.00333633	B	0.00158729	C	0.995076
H	0.0229253	B	0.0470429	C	0.930032
H	0.0410778	B	0.130991	C	0.827931
H	0.096963	B	0.152974	C	0.750063
H	0.26821	B	0.113885	C	0.617905
H	0.486942	B	0.158162	C	0.354896
H	0.471712	B	0.247186	C	0.281102
H	0.428825	B	0.28245	C	0.288726
H	0.376105	B	0.287854	C	0.336041
H	0.301033	B	0.265794	C	0.433173
H	0.283764	B	0.161754	C	0.554482
H	0.252173	B	0.100321	C	0.647507
H	0.221224	B	0.057676	C	0.7211
H	0.272318	B	0.0528285	C	0.674853
H	0.353248	B	0.103178	C	0.543573
H	0.417386	B	0.296808	C	0.285806
H	0.441389	B	0.418655	C	0.139956
H	0.457519	B	0.455118	C	0.0873629
H	0.429448	B	0.455623	C	0.114928
H	0.373504	B	0.398929	C	0.227568
H	0.324872	B	0.253973	C	0.421154
H	0.221561	B	0.111014	C	0.667425
H	0.116207	B	0.0398976	C	0.843896
H	0.0602473	B	0.0512672	C	0.888485
H	0.0420688	B	0.205615	C	0.752317
H	0.0420172	B	0.466255	C	0.491728
H	0.06726	B	0.476936	C	0.455804
H	0.106637	B	0.468913	C	0.42445
H	0.170627	B	0.504528	C	0.324845
H	0.154123	B	0.50916	C	0.336717
H	0.112983	B	0.433714	C	0.453303
H	0.0700429	B	0.330469	C	0.599488
H	0.0696186	B	0.193198	C	0.737184
H	0.123017	B	0.126556	C	0.750427
H	0.219626	B	0.114873	C	0.665501
H	0.244057	B	0.113827	C	0.642116
H	0.21853	B	0.141545	C	0.639926
H	0.152769	B	0.188963	C	0.658268
H	0.054381	B	0.142103	C	0.803516
H	0.147105	B	0.0577553	C	0.79514
H	0.297337	B	0.0452717	C	0.657391
H	0.468063	B	0.0663667	C	0.46557
H	0.528387	B	0.0716672	C	0.399946
H	0.622609	B	0.0948501	C	0.282541
H	0.696075	B	0.135734	C	0.16819
H	0.715342	B	0.147831	C	0.136826
H	0.727428	B	0.122681	C	0.14989
H	0.74307	B	0.0921045	C	0.164826
H	0.717711	B	0.0719924	C	0.210297
H	0.682313	B	0.0705904	C	0.247096
H	0.622573	B	0.0788506	C	0.298576
H	0.459331	B	0.0842864	C	0.456383
H	0.299041	B	0.107373	C	0.593587
H	0.116642	B	0.0968512	C	0.786507
H	0.129847	B	0.0579928	C	0.81216
H	0.178894	B	0.0629111	C	0.758195
H	0.307081	B	0.106767	C	0.586152
H	0.338782	B	0.16189	C	0.499328
H	0.49949	B	0.208731	C	0.291779
H	0.470622	B	0.220243	C	0.309135
H	0.471585	B	0.193996	C	0.334419
H	0.80461	B	0.0955601	C	0.0998301
H	0.833017	B	0.0674132	C	0.0995701
H	0.87333	B	0.0475561	C	0.0791141
H	0.882688	B	0.040099	C	0.0772125
H	0.874298	B	0.0356896	C	0.0900124
H	0.837092	B	0.0382376	C	0.124671
H	0.785815	B	0.0431321	C	0.171053
H	0.650179	B	0.0427397	C	0.307082
H	0.401403	B	0.0489429	C	0.549654
H	0.351554	B	0.0617276	C	0.586719
H	0.136305	B	0.0609881	C	0.802707
H	0.198923	B	0.0424805	C	0.758597
H	0.171753	B	0.0516942	C	0.776553
H	0.15295	B	0.158609	C	0.688441
H	0.0468569	B	0.234982	C	0.718161
H	0.0479381	B	0.235954	C	0.716108
H	0.0769629	B	0.256116	C	0.666921
H	0.0994562	B	0.228004	C	0.67254
H	0.168259	B	0.212888	C	0.618853
H	0.238772	B	0.271036	C	0.490192
H	0.285726	B	0.334671	C	0.379603
H	0.304561	B	0.36149	C	0.33395
H	0.382559	B	0.323558	C	0.293883
H	0.398604	B	0.250513	C	0.350883
H	0.379162	B	0.193524	C	0.427314
H	0.35781	B	0.138574	C	0.503616
H	0.344023	B	0.146214	C	0.509762
H	0.313973	B	0.182469	C	0.503558
H	0.224609	B	0.158782	C	0.61661
H	0.10863	B	0.137507	C	0.753863
H	0.0630215	B	0.226126	C	0.710853
H	0.0427695	B	0.29764	C	0.659591
H	0.0382228	B	0.196374	C	0.765403
H	0.194374	B	0.215047	C	0.590579
H	0.218449	B	0.345669	C	0.435882
H	0.196622	B	0.409527	C	0.393852
H	0.110499	B	0.419337	C	0.470165
H	0.0522356	B	0.356907	C	0.590858
H	0.020032	B	0.162739	C	0.817229
H	0.0272569	B	0.0508779	C	0.921865
H	0.085305	B	0.0355237	C	0.879171
H	0.0939459	B	0.0650151	C	0.841039
H	0.0691132	B	0.0975306	C	0.833356
H	0.0215917	B	0.0882096	C	0.890199
H	0.0217708	B	0.070792	C	0.907437
H	0.0312975	B	0.0611029	C	0.9076
H	0.0957742	B	0.0668826	C	0.837343
H	0.131497	B	0.158614	C	0.709889
H	0.127775	B	0.285972	C	0.586253
H	0.0861266	B	0.371376	C	0.542497
H	0.0714459	B	0.357817	C	0.570737
H	0.0689969	B	0.410688	C	0.520315
H	0.0786555	B	0.691189	C	0.230155
H	0.0711978	B	0.793883	C	0.134919
H	0.0681397	B	0.79631	C	0.13555
H	0.0616124	B	0.752072	C	0.186316
H	0.0447154	B	0.650434	C	0.30485
H	0.0352137	B	0.495358	C	0.469429
H	0.0272536	B	0.231733	C	0.741013
H	0.114728	B	0.126338	C	0.758933
H	0.302659	B	0.0735756	C	0.623765
H	0.340577	B	0.0713035	C	0.588119
H	0.305189	B	0.0752766	C	0.619534
H	0.18474	B	0.100514	C	0.714746
H	0.173426	B	0.239766	C	0.586808
H	0.184423	B	0.463159	C	0.352419
H	0.168836	B	0.528613	C	0.302551
H	0.137799	B	0.53698	C	0.325222
H	0.0940422	B	0.538729	C	0.367229
H	0.0386385	B	0.449999	C	0.511363
H	0.0374761	B	0.443791	C	0.518733
H	0.0529795	B	0.70209	C	0.24493
H	0.0609183	B	0.805966	C	0.133116
H	0.0476242	B	0.818872	C	0.133504
H	0.0364407	B	0.775229	C	0.18833
H	0.0225943	B	0.544536	C	0.432869
H	0.0362406	B	0.328243	C	0.635517
H	0.0664823	B	0.179042	C	0.754476
H	0.0692778	B	0.126863	C	0.80386
H	0.03897	B	0.0772165	C	0.883814
H	0.126941	B	0.0650185	C	0.808041
H	0.182204	B	0.0889039	C	0.728893
H	0.180571	B	0.131128	C	0.6883
H	0.127814	B	0.177832	C	0.694354
H	0.0360159	B	0.157923	C	0.806061
H	0.0269873	B	0.124009	C	0.849004
H	0.039757	B	0.0983799	C	0.861863
H	0.0346499	B	0.0497202	C	0.91563
H	0.536931	B	0.0214097	C	0.441659
H	0.621293	B	0.0304757	C	0.348231
H	0.682092	B	0.0429005	C	0.275007
H	0.628315	B	0.0662968	C	0.305388
H	0.69273	B	0.0640694	C	0.2432
H	0.718707	B	0.0645874	C	0.216706
H	0.723213	B	0.0630006	C	0.213786
H	0.726592	B	0.0615488	C	0.211859
H	0.747165	B	0.0637192	C	0.189115
H	0.734004	B	0.0616936	C	0.204302
H	0.625556	B	0.0632707	C	0.311173
H	0.515483	B	0.0756395	C	0.408877
H	0.373587	B	0.0949166	C	0.531496
H	0.387118	B	0.131088	C	0.481794
H	0.457438	B	0.248928	C	0.293633
H	0.465905	B	0.318451	C	0.215644
H	0.440556	B	0.315145	C	0.244299
H	0.382485	B	0.31427	C	0.303246
H	0.240525	B	0.311971	C	0.447504
H	0.0924037	B	0.253273	C	0.654323
H	0.0878712	B	0.286363	C	0.625765
H	0.123601	B	0.260805	C	0.615594
H	0.239424	B	0.19078	C	0.569796
H	0.287778	B	0.204549	C	0.507673
H	0.258764	B	0.219667	C	0.521569
H	0.193253	B	0.194804	C	0.611943
H	0.220678	B	0.166352	C	0.61297
H	0.261618	B	0.164418	C	0.573964
H	0.274476	B	0.215902	C	0.509621
H	0.241061	B	0.264045	C	0.494894
H	0.185668	B	0.205788	C	0.608544
H	0.152422	B	0.103701	C	0.743877
H	0.170443	B	0.11603	C	0.713527
H	0.194582	B	0.286277	C	0.519141
H	0.198049	B	0.451951	C	0.350001
H	0.183043	B	0.566984	C	0.249973
H	0.14934	B	0.605438	C	0.245223
H	0.0973128	B	0.590679	C	0.312008
H	0.0617987	B	0.524051	C	0.414151
H	0.0261968	B	0.219271	C	0.754533
H	0.24299	B	0.091155	C	0.665855
H	0.243045	B	0.101596	C	0.655359
H	0.199028	B	0.115574	C	0.685399
H	0.0574448	B	0.103761	C	0.838794
H	0.0383698	B	0.119091	C	0.84254
H	0.046239	B	0.115625	C	0.838136
H	0.0742037	B	0.149511	C	0.776286
H	0.0902977	B	0.543736	C	0.365967
H	0.0653503	B	0.796859	C	0.137791
H	0.0546629	B	0.867827	C	0.0775101
H	0.0444747	B	0.887362	C	0.0681635
H	0.0419687	B	0.775051	C	0.182981
H	0.0422049	B	0.509567	C	0.448228
H	0.0590699	B	0.197587	C	0.743343
H	0.134727	B	0.0808418	C	0.784431
H	0.137057	B	0.115735	C	0.747207
H	0.193729	B	0.230985	C	0.575286
H	0.231895	B	0.235352	C	0.532753
H	0.315669	B	0.216491	C	0.467839
H	0.391709	B	0.277082	C	0.331208
H	0.400897	B	0.291941	C	0.307162
H	0.396171	B	0.267011	C	0.336817
H	0.438225	B	0.263378	C	0.298397
H	0.443581	B	0.278402	C	0.278017
H	0.436156	B	0.314448	C	0.249395
H	0.4132	B	0.339687	C	0.247113
H	0.355914	B	0.337935	C	0.306151
H	0.288549	B	0.335261	C	0.37619
H	0.255521	B	0.319738	C	0.424741
H	0.23434	B	0.244455	C	0.521205
H	0.194664	B	0.120374	C	0.684962
H	0.167464	B	0.136384	C	0.696151
H	0.109492	B	0.204096	C	0.686412
H	0.0659749	B	0.380612	C	0.553413
H	0.0470765	B	0.524984	C	0.42794
H	0.0383019	B	0.577007	C	0.384691
H	0.0219171	B	0.39279	C	0.585293
H	0.0275628	B	0.246655	C	0.725782
H	0.0323143	B	0.143485	C	0.824201
H	0.0304297	B	0.108117	C	0.861453
H	0.0162892	B	0.062585	C	0.921126
H	0.0188536	B	0.0492991	C	0.931847
H	0.0239245	B	0.0477405	C	0.928335
H	0.0950909	B	0.050538	C	0.854371
H	0.133931	B	0.0849755	C	0.781093
H	0.242077	B	0.163991	C	0.593932
H	0.277097	B	0.230423	C	0.49248
H	0.302041	B	0.305604	C	0.392354
H	0.331059	B	0.403314	C	0.265627
H	0.32758	B	0.433527	C	0.238893
H	0.324106	B	0.416327	C	0.259567
H	0.321207	B	0.35842	C	0.320373
H	0.340173	B	0.290048	C	0.369779
H	0.328504	B	0.26181	C	0.409687
H	0.294925	B	0.21122	C	0.493855
H	0.234721	B	0.204138	C	0.561141
H	0.186647	B	0.251813	C	0.56154
H	0.112897	B	0.252616	C	0.634487
H	0.04404	B	0.137407	C	0.818553
H	0.10819	B	0.0829464	C	0.808863
H	0.115274	B	0.0739358	C	0.81079
H	0.0489558	B	0.0555155	C	0.895529
H	0.17336	B	0.040102	C	0.786538
H	0.326621	B	0.0444974	C	0.628881
H	0.399809	B	0.0496556	C	0.550536
H	0.36595	B	0.0637639	C	0.570286
H	0.327619	B	0.0642614	C	0.60812
H	0.318119	B	0.0691278	C	0.612754
H	0.316306	B	0.0794768	C	0.604217
H	0.334513	B	0.0730402	C	0.592447
H	0.320482	B	0.0956354	C	0.583882
H	0.252158	B	0.122196	C	0.625646
H	0.143953	B	0.122128	C	0.733919
H	0.0248869	B	0.0506971	C	0.924416
H	0.00315985	B	0.00203804	C	0.994802
