H	0.0037935	B	0.00224585	C	0.993961
H	0.0288632	B	0.0342028	C	0.936934
H	0.0242776	B	0.0778292	C	0.897893
H	0.0200857	B	0.0857067	C	0.894208
H	0.0502259	B	0.100116	C	0.849658
H	0.0813394	B	0.0807127	C	0.837948
H	0.436933	B	0.0524931	C	0.510574
H	0.611652	B	0.0573252	C	0.331023
H	0.712425	B	0.0367756	C	0.2508
H	0.91163	B	0.0109038	C	0.0774662
H	0.945169	B	0.00745962	C	0.0473713
H	0.960689	B	0.00844173	C	0.0308688
H	0.971168	B	0.0113983	C	0.0174341
H	0.974618	B	0.012034	C	0.0133477
H	0.975455	B	0.0127299	C	0.0118149
H	0.97681	B	0.0123868	C	0.010803
H	0.980861	B	0.00919872	C	0.00994004
H	0.982408	B	0.00772345	C	0.00986879
H	0.984138	B	0.0055552	C	0.0103072
H	0.985503	B	0.00389214	C	0.0106047
H	0.985648	B	0.00360427	C	0.0107478
H	0.985894	B	0.00325692	C	0.0108495
H	0.985948	B	0.00327164	C	0.0107801
H	0.986283	B	0.00336175	C	0.0103553
H	0.986409	B	0.00355007	C	0.0100412
H	0.984773	B	0.00518861	C	0.0100385
H	0.984965	B	0.00444648	C	0.0105887
H	0.982525	B	0.00372874	C	0.0137462
H	0.975276	B	0.00382885	C	0.020895
H	0.967381	B	0.00444633	C	0.0281729
H	0.951328	B	0.00722363	C	0.0414483
H	0.887358	B	0.00810073	C	0.104542
H	0.6605	B	0.00841239	C	0.331088
H	0.293843	B	0.00894851	C	0.697208
H	0.00405339	B	0.00138935	C	0.994557
