H	0.00302869	B	0.00183676	C	0.995135
H	0.0285413	B	0.0442676	C	0.927191
H	0.0317496	B	0.0689311	C	0.899319
H	0.0334106	B	0.0714476	C	0.895142
H	0.0670139	B	0.0704072	C	0.862579
H	0.130406	B	0.0633423	C	0.806252
H	0.239727	B	0.0743624	C	0.685911
H	0.2301	B	0.0857202	C	0.68418
H	0.317256	B	0.0917706	C	0.590973
H	0.343944	B	0.0860797	C	0.569976
H	0.514645	B	0.113117	C	0.372239
H	0.590091	B	0.219633	C	0.190276
H	0.616558	B	0.290567	C	0.0928748
H	0.648165	B	0.302433	C	0.0494017
H	0.645467	B	0.311756	C	0.0427768
H	0.650717	B	0.301163	C	0.0481197
H	0.647577	B	0.263489	C	0.0889336
H	0.627809	B	0.208254	C	0.163937
H	0.602524	B	0.149875	C	0.2476
H	0.518407	B	0.137353	C	0.34424
H	0.329129	B	0.10176	C	0.56911
H	0.0641628	B	0.0511167	C	0.884721
H	0.0381564	B	0.0451177	C	0.916726
H	0.160584	B	0.0837913	C	0.755624
H	0.185837	B	0.261244	C	0.55292
H	0.191132	B	0.485592	C	0.323276
H	0.165113	B	0.611013	C	0.223874
H	0.167722	B	0.721672	C	0.110606
H	0.167968	B	0.764191	C	0.0678412
H	0.171102	B	0.783238	C	0.0456599
H	0.177743	B	0.77558	C	0.0466769
H	0.175765	B	0.759149	C	0.0650859
H	0.17863	B	0.693899	C	0.12747
H	0.203069	B	0.580389	C	0.216542
H	0.243438	B	0.418802	C	0.33776
H	0.273629	B	0.233694	C	0.492678
H	0.248097	B	0.130621	C	0.621283
H	0.204673	B	0.0769722	C	0.718354
H	0.164434	B	0.0765055	C	0.75906
H	0.117468	B	0.18372	C	0.698812
H	0.092583	B	0.302762	C	0.604655
H	0.115364	B	0.314018	C	0.570618
H	0.148027	B	0.325879	C	0.526094
H	0.157549	B	0.320695	C	0.521756
H	0.122977	B	0.304431	C	0.572592
H	0.0745844	B	0.22724	C	0.698176
H	0.0409003	B	0.182116	C	0.776984
H	0.042007	B	0.283414	C	0.674579
H	0.0563299	B	0.355634	C	0.588036
H	0.0875527	B	0.271208	C	0.641239
H	0.13185	B	0.210811	C	0.657339
H	0.14539	B	0.181967	C	0.672643
H	0.145295	B	0.220904	C	0.633801
H	0.143759	B	0.396714	C	0.459526
H	0.152888	B	0.514218	C	0.332893
H	0.118409	B	0.477925	C	0.403665
H	0.0779274	B	0.43328	C	0.488792
H	0.0557572	B	0.434633	C	0.50961
H	0.0484256	B	0.390201	C	0.561373
H	0.105024	B	0.287929	C	0.607047
H	0.380357	B	0.197274	C	0.422369
H	0.434118	B	0.21371	C	0.352172
H	0.419778	B	0.306085	C	0.274137
H	0.338252	B	0.408624	C	0.253124
H	0.294968	B	0.410073	C	0.294958
H	0.23226	B	0.348628	C	0.419112
H	0.181997	B	0.397409	C	0.420594
H	0.146569	B	0.565855	C	0.287576
H	0.124048	B	0.681095	C	0.194856
H	0.101478	B	0.759104	C	0.139418
H	0.0810042	B	0.771315	C	0.147681
H	0.0644358	B	0.736057	C	0.199507
H	0.0658967	B	0.59578	C	0.338323
H	0.0867949	B	0.284414	C	0.628791
H	0.403732	B	0.0979842	C	0.498284
H	0.621388	B	0.0705211	C	0.308091
H	0.661628	B	0.11815	C	0.220222
H	0.6669	B	0.202968	C	0.130132
H	0.67723	B	0.239233	C	0.083537
H	0.675094	B	0.245674	C	0.0792328
H	0.635607	B	0.241469	C	0.122924
H	0.395994	B	0.258553	C	0.345452
H	0.0595121	B	0.210917	C	0.729571
H	0.031412	B	0.228137	C	0.740451
H	0.0242349	B	0.20882	C	0.766945
H	0.0908511	B	0.194444	C	0.714705
H	0.115424	B	0.186835	C	0.69774
H	0.129434	B	0.213757	C	0.656808
H	0.103679	B	0.250447	C	0.645874
H	0.077939	B	0.423719	C	0.498342
H	0.0455728	B	0.612971	C	0.341456
H	0.0335823	B	0.832954	C	0.133464
H	0.0243574	B	0.934589	C	0.0410537
H	0.0223997	B	0.949225	C	0.0283751
H	0.0193071	B	0.935015	C	0.0456774
H	0.0195863	B	0.846504	C	0.13391
H	0.0269793	B	0.641929	C	0.331091
H	0.0338293	B	0.273584	C	0.692587
H	0.053529	B	0.0792407	C	0.86723
H	0.0542346	B	0.0483869	C	0.897378
H	0.0741097	B	0.0586775	C	0.867213
H	0.128522	B	0.0878797	C	0.783598
H	0.162124	B	0.297602	C	0.540273
H	0.163574	B	0.574226	C	0.2622
H	0.145996	B	0.707995	C	0.146009
H	0.137439	B	0.784501	C	0.0780601
H	0.187402	B	0.775977	C	0.0366208
H	0.208159	B	0.751646	C	0.0401949
H	0.2126	B	0.725486	C	0.0619138
H	0.196853	B	0.678462	C	0.124685
H	0.150751	B	0.572756	C	0.276493
H	0.0529945	B	0.282198	C	0.664808
H	0.105984	B	0.168179	C	0.725837
H	0.11176	B	0.191678	C	0.696562
H	0.114602	B	0.265126	C	0.620271
H	0.0832915	B	0.338066	C	0.578643
H	0.0633108	B	0.381787	C	0.554902
H	0.0593545	B	0.514921	C	0.425724
H	0.0532557	B	0.671376	C	0.275369
H	0.0521597	B	0.784812	C	0.163028
H	0.0471172	B	0.828577	C	0.124305
H	0.0317551	B	0.806866	C	0.161379
H	0.0240953	B	0.645983	C	0.329922
H	0.0110048	B	0.208294	C	0.780701
H	0.0347672	B	0.0790872	C	0.886146
H	0.0327112	B	0.0405271	C	0.926762
H	0.0030692	B	0.00205828	C	0.994873
