H	0.00388189	B	0.00288682	C	0.993231
H	0.112085	B	0.168659	C	0.719256
H	0.214858	B	0.149277	C	0.635864
H	0.379589	B	0.166048	C	0.454364
H	0.395851	B	0.197373	C	0.406777
H	0.374758	B	0.186201	C	0.439041
H	0.35528	B	0.117621	C	0.527099
H	0.459345	B	0.058729	C	0.481926
H	0.565571	B	0.0642191	C	0.37021
H	0.675278	B	0.0964951	C	0.228227
H	0.776591	B	0.105555	C	0.117854
H	0.832503	B	0.103579	C	0.063918
H	0.845351	B	0.109849	C	0.0447995
H	0.856964	B	0.111128	C	0.031909
H	0.866305	B	0.109496	C	0.0241994
H	0.856566	B	0.116572	C	0.0268613
H	0.834584	B	0.122161	C	0.0432551
H	0.788446	B	0.118543	C	0.0930117
H	0.666076	B	0.0955037	C	0.238421
H	0.446446	B	0.0485639	C	0.50499
H	0.370358	B	0.0522804	C	0.577362
H	0.205079	B	0.109587	C	0.685334
H	0.0696675	B	0.192364	C	0.737969
H	0.0590504	B	0.34051	C	0.600439
H	0.0504751	B	0.458131	C	0.491394
H	0.0383532	B	0.449596	C	0.512051
H	0.0222872	B	0.255544	C	0.722169
H	0.0344878	B	0.15174	C	0.813772
H	0.0347599	B	0.0526747	C	0.912565
H	0.0031865	B	0.00176752	C	0.995046
