H	0.0032748	B	0.00188427	C	0.994841
H	0.023295	B	0.0432031	C	0.933502
H	0.0253457	B	0.123131	C	0.851524
H	0.0157583	B	0.0796501	C	0.904592
H	0.0691934	B	0.0403506	C	0.890456
H	0.177951	B	0.0209123	C	0.801136
H	0.396182	B	0.0305868	C	0.573231
H	0.540501	B	0.0529004	C	0.406598
H	0.627743	B	0.0754121	C	0.296845
H	0.64929	B	0.0969215	C	0.253788
H	0.641648	B	0.105652	C	0.2527
H	0.676637	B	0.121408	C	0.201955
H	0.683476	B	0.134016	C	0.182508
H	0.636623	B	0.11901	C	0.244367
H	0.916897	B	0.0290044	C	0.0540987
H	0.923795	B	0.0111861	C	0.0650188
H	0.910249	B	0.00713476	C	0.0826162
H	0.901617	B	0.00564119	C	0.0927418
H	0.860295	B	0.00503977	C	0.134665
H	0.837603	B	0.0042981	C	0.158099
H	0.877373	B	0.00680146	C	0.115826
H	0.898939	B	0.0162095	C	0.0848515
H	0.921688	B	0.0308907	C	0.0474218
H	0.934786	B	0.0313697	C	0.0338442
H	0.936474	B	0.023387	C	0.0401393
H	0.922312	B	0.0204214	C	0.0572664
H	0.91775	B	0.0177316	C	0.0645182
H	0.909795	B	0.0192807	C	0.0709245
H	0.885791	B	0.0181195	C	0.0960893
H	0.806955	B	0.0148864	C	0.178158
H	0.694177	B	0.00999305	C	0.29583
H	0.609358	B	0.00831393	C	0.382328
H	0.57624	B	0.00690917	C	0.416851
H	0.808489	B	0.00574226	C	0.185769
H	0.866481	B	0.00692199	C	0.126597
H	0.886636	B	0.0102795	C	0.103084
H	0.888627	B	0.00988485	C	0.101488
H	0.873014	B	0.0084519	C	0.118534
H	0.848858	B	0.00819159	C	0.142951
H	0.820926	B	0.00812657	C	0.170948
H	0.766103	B	0.00731763	C	0.226579
H	0.756913	B	0.00886332	C	0.234223
H	0.735802	B	0.0135263	C	0.250671
H	0.681611	B	0.0215398	C	0.29685
H	0.606855	B	0.0208668	C	0.372278
H	0.501425	B	0.0158268	C	0.482748
H	0.485387	B	0.011674	C	0.502939
H	0.60727	B	0.0182741	C	0.374456
H	0.7106	B	0.0367919	C	0.252608
H	0.838934	B	0.053115	C	0.107951
H	0.885392	B	0.0557652	C	0.058843
H	0.900223	B	0.0504134	C	0.0493632
H	0.909974	B	0.0385985	C	0.0514279
H	0.896643	B	0.0362486	C	0.0671083
H	0.864627	B	0.033834	C	0.101539
H	0.787526	B	0.0231098	C	0.189364
H	0.674582	B	0.0209303	C	0.304487
H	0.542543	B	0.0231223	C	0.434335
H	0.43307	B	0.0290469	C	0.537883
H	0.385408	B	0.0351707	C	0.579421
H	0.318389	B	0.0343695	C	0.647241
H	0.263174	B	0.0452385	C	0.691588
H	0.188489	B	0.058217	C	0.753294
H	0.0854651	B	0.050103	C	0.864432
H	0.0190387	B	0.0139931	C	0.966968
H	0.689531	B	0.00584445	C	0.304624
H	0.715085	B	0.00608166	C	0.278834
H	0.767257	B	0.00518699	C	0.227556
H	0.913686	B	0.00684229	C	0.0794719
H	0.941841	B	0.00696215	C	0.0511967
H	0.950246	B	0.00626802	C	0.043486
H	0.940739	B	0.00592729	C	0.0533341
H	0.877567	B	0.00639079	C	0.116042
H	0.768676	B	0.0060901	C	0.225234
H	0.56196	B	0.00593685	C	0.432104
H	0.384338	B	0.00477594	C	0.610886
H	0.742352	B	0.00381543	C	0.253833
H	0.824825	B	0.00444775	C	0.170727
H	0.862806	B	0.00441655	C	0.132778
H	0.954847	B	0.00414199	C	0.0410107
H	0.975884	B	0.00468458	C	0.0194317
H	0.979103	B	0.0055246	C	0.0153722
H	0.981163	B	0.00632128	C	0.0125155
H	0.983079	B	0.00546462	C	0.0114564
H	0.982529	B	0.00503414	C	0.0124368
H	0.979479	B	0.00566551	C	0.0148551
H	0.97265	B	0.00539338	C	0.0219565
H	0.947804	B	0.00488917	C	0.0473068
H	0.862	B	0.00497233	C	0.133027
H	0.710925	B	0.00461392	C	0.284461
H	0.444985	B	0.00488921	C	0.550126
H	0.285979	B	0.00555985	C	0.708461
H	0.446413	B	0.0068822	C	0.546705
H	0.603989	B	0.0118822	C	0.384129
H	0.811409	B	0.0304464	C	0.158144
H	0.861121	B	0.051277	C	0.0876023
H	0.880151	B	0.0609077	C	0.0589414
H	0.895314	B	0.0616418	C	0.0430439
H	0.878981	B	0.070452	C	0.0505666
H	0.860145	B	0.0658366	C	0.0740185
H	0.810645	B	0.0597056	C	0.129649
H	0.739102	B	0.0416497	C	0.219248
H	0.616696	B	0.0197437	C	0.36356
H	0.445969	B	0.0112773	C	0.542753
H	0.444348	B	0.0118289	C	0.543823
H	0.390618	B	0.0150596	C	0.594322
H	0.388397	B	0.0151328	C	0.59647
H	0.286527	B	0.00860057	C	0.704873
H	0.649857	B	0.00552466	C	0.344618
H	0.920225	B	0.00550765	C	0.0742675
H	0.938689	B	0.00695952	C	0.0543511
H	0.95265	B	0.00756068	C	0.0397895
H	0.954763	B	0.00647953	C	0.0387574
H	0.927868	B	0.00509611	C	0.0670361
H	0.914233	B	0.00444566	C	0.0813214
H	0.906643	B	0.00464659	C	0.0887103
H	0.90194	B	0.00498883	C	0.0930715
H	0.920275	B	0.00395954	C	0.075765
H	0.951648	B	0.00328795	C	0.0450639
H	0.96717	B	0.00317231	C	0.0296573
H	0.975831	B	0.00295922	C	0.02121
H	0.975174	B	0.00279239	C	0.0220335
H	0.973981	B	0.00265977	C	0.0233589
H	0.976596	B	0.00272433	C	0.0206794
H	0.973636	B	0.00313613	C	0.0232274
H	0.964736	B	0.00353533	C	0.0317291
H	0.93257	B	0.00376935	C	0.063661
H	0.855123	B	0.00396708	C	0.14091
H	0.780171	B	0.00423937	C	0.21559
H	0.769748	B	0.0103956	C	0.219857
H	0.828115	B	0.0409949	C	0.13089
H	0.871463	B	0.0667943	C	0.0617425
H	0.880613	B	0.0729833	C	0.0464039
H	0.869461	B	0.0723997	C	0.0581396
H	0.777593	B	0.0787217	C	0.143685
H	0.610416	B	0.080365	C	0.309219
H	0.377597	B	0.0947261	C	0.527677
H	0.0578646	B	0.0418276	C	0.900308
H	0.375188	B	0.0186873	C	0.606124
H	0.398512	B	0.0156246	C	0.585863
H	0.359053	B	0.020299	C	0.620648
H	0.34525	B	0.0265581	C	0.628192
H	0.373385	B	0.0289238	C	0.597691
H	0.346476	B	0.0346236	C	0.6189
H	0.311958	B	0.0894725	C	0.598569
H	0.284227	B	0.148078	C	0.567696
H	0.29999	B	0.159746	C	0.540264
H	0.330772	B	0.157427	C	0.511801
H	0.379074	B	0.155041	C	0.465885
H	0.368291	B	0.134839	C	0.49687
H	0.246652	B	0.0832982	C	0.67005
H	0.115698	B	0.048408	C	0.835894
H	0.133424	B	0.0445471	C	0.822029
H	0.213786	B	0.0442037	C	0.742011
H	0.345218	B	0.0649008	C	0.589881
H	0.435828	B	0.0832624	C	0.48091
H	0.38837	B	0.0875259	C	0.524104
H	0.384613	B	0.0778265	C	0.537561
H	0.322302	B	0.0432908	C	0.634407
H	0.325257	B	0.015191	C	0.659552
H	0.731334	B	0.00783412	C	0.260832
H	0.829215	B	0.00763285	C	0.163152
H	0.845842	B	0.00649953	C	0.147658
H	0.899353	B	0.00636522	C	0.0942822
H	0.946551	B	0.00587396	C	0.0475746
H	0.956711	B	0.00535268	C	0.0379365
H	0.969702	B	0.00483135	C	0.0254666
H	0.97527	B	0.00519137	C	0.0195388
H	0.974761	B	0.00537538	C	0.0198636
H	0.973676	B	0.00477995	C	0.0215436
H	0.971503	B	0.00600917	C	0.0224878
H	0.963349	B	0.00749657	C	0.0291541
H	0.936246	B	0.00917043	C	0.0545835
H	0.889213	B	0.0103315	C	0.100455
H	0.806992	B	0.01194	C	0.181068
H	0.683304	B	0.0145833	C	0.302113
H	0.537423	B	0.0129314	C	0.449646
H	0.402746	B	0.00888848	C	0.588365
H	0.531151	B	0.0085934	C	0.460256
H	0.591075	B	0.0121094	C	0.396816
H	0.722523	B	0.0163406	C	0.261136
H	0.840534	B	0.0142623	C	0.145204
H	0.875854	B	0.0103182	C	0.113828
H	0.911053	B	0.00986921	C	0.0790777
H	0.936874	B	0.0155546	C	0.0475717
H	0.935558	B	0.0222993	C	0.0421422
H	0.93557	B	0.0228834	C	0.0415463
H	0.916668	B	0.0257707	C	0.0575618
H	0.869194	B	0.0290768	C	0.10173
H	0.80786	B	0.0375881	C	0.154552
H	0.749301	B	0.051406	C	0.199293
H	0.758993	B	0.0836065	C	0.157401
H	0.711808	B	0.118877	C	0.169315
H	0.619855	B	0.13442	C	0.245724
H	0.488444	B	0.121969	C	0.389586
H	0.299542	B	0.0696889	C	0.630769
H	0.160137	B	0.0247189	C	0.815144
H	0.0824147	B	0.0172684	C	0.900317
H	0.00357771	B	0.00208059	C	0.994342
