H	0.00323338	B	0.00225213	C	0.994514
H	0.0425337	B	0.0701127	C	0.887354
H	0.0914956	B	0.127924	C	0.78058
H	0.247934	B	0.243998	C	0.508068
H	0.291884	B	0.301022	C	0.407095
H	0.336437	B	0.367754	C	0.295809
H	0.329582	B	0.367883	C	0.302534
H	0.352641	B	0.373453	C	0.273905
H	0.341803	B	0.333775	C	0.324421
H	0.309241	B	0.290474	C	0.400285
H	0.298938	B	0.259025	C	0.442037
H	0.298492	B	0.263261	C	0.438247
H	0.337773	B	0.203565	C	0.458661
H	0.355113	B	0.15046	C	0.494427
H	0.371854	B	0.116871	C	0.511274
H	0.441126	B	0.0925396	C	0.466334
H	0.427878	B	0.0820859	C	0.490037
H	0.394121	B	0.144105	C	0.461773
H	0.310989	B	0.185388	C	0.503623
H	0.200099	B	0.19693	C	0.602971
H	0.11632	B	0.201936	C	0.681744
H	0.0624127	B	0.14362	C	0.793968
H	0.111401	B	0.0896544	C	0.798945
H	0.295953	B	0.155901	C	0.548146
H	0.293488	B	0.257897	C	0.448615
H	0.252793	B	0.372489	C	0.374718
H	0.182002	B	0.425347	C	0.392651
H	0.101551	B	0.429816	C	0.468633
H	0.0468406	B	0.354807	C	0.598352
H	0.0222782	B	0.22029	C	0.757432
H	0.0195167	B	0.0668008	C	0.913682
H	0.00310172	B	0.00195938	C	0.994939
