H	0.00316397	B	0.00202976	C	0.994806
H	0.03115	B	0.106117	C	0.862732
H	0.0326214	B	0.0697656	C	0.897613
H	0.0366563	B	0.0759154	C	0.887428
H	0.0544574	B	0.144952	C	0.80059
H	0.0761592	B	0.182342	C	0.741499
H	0.0379773	B	0.164991	C	0.797032
H	0.0372537	B	0.22488	C	0.737866
H	0.0239741	B	0.176354	C	0.799672
H	0.0967122	B	0.128121	C	0.775167
H	0.221459	B	0.150773	C	0.627768
H	0.254	B	0.209245	C	0.536755
H	0.242823	B	0.243599	C	0.513578
H	0.192201	B	0.270266	C	0.537532
H	0.128268	B	0.287491	C	0.584241
H	0.028747	B	0.192544	C	0.778709
H	0.0325785	B	0.126672	C	0.84075
H	0.056253	B	0.107055	C	0.836692
H	0.0603292	B	0.0962674	C	0.843403
H	0.0664286	B	0.167825	C	0.765747
H	0.0555303	B	0.245369	C	0.699101
H	0.0452698	B	0.261003	C	0.693727
H	0.0485467	B	0.417164	C	0.534289
H	0.0443022	B	0.553352	C	0.402345
H	0.0430031	B	0.542096	C	0.414901
H	0.0348269	B	0.435892	C	0.529281
H	0.0398041	B	0.298363	C	0.661833
H	0.0520805	B	0.330397	C	0.617522
H	0.0574224	B	0.32124	C	0.621338
H	0.054639	B	0.2478	C	0.697561
H	0.0689299	B	0.39988	C	0.53119
H	0.0680014	B	0.53522	C	0.396779
H	0.0707695	B	0.552448	C	0.376782
H	0.0658885	B	0.531122	C	0.40299
H	0.0685873	B	0.433523	C	0.49789
H	0.0611148	B	0.318634	C	0.620252
H	0.0398431	B	0.200851	C	0.759305
H	0.0194833	B	0.201305	C	0.779212
H	0.015476	B	0.453779	C	0.530745
H	0.0132995	B	0.745186	C	0.241514
H	0.0119713	B	0.834857	C	0.153171
H	0.0133872	B	0.901809	C	0.084804
H	0.0133224	B	0.910574	C	0.0761034
H	0.0138564	B	0.918018	C	0.0681253
H	0.014113	B	0.915299	C	0.0705881
H	0.0143206	B	0.909143	C	0.0765363
H	0.014919	B	0.87337	C	0.111711
H	0.017097	B	0.7848	C	0.198103
H	0.0210648	B	0.561509	C	0.417426
H	0.0643855	B	0.253995	C	0.68162
H	0.0877566	B	0.130987	C	0.781256
H	0.15285	B	0.0898025	C	0.757348
H	0.167169	B	0.0949408	C	0.737891
H	0.202042	B	0.0958236	C	0.702134
H	0.246539	B	0.129602	C	0.62386
H	0.233112	B	0.165725	C	0.601163
H	0.269535	B	0.191489	C	0.538976
H	0.267591	B	0.202068	C	0.530341
H	0.270414	B	0.206113	C	0.523473
H	0.262687	B	0.259696	C	0.477617
H	0.252831	B	0.345041	C	0.402128
H	0.21804	B	0.386721	C	0.39524
H	0.219132	B	0.344227	C	0.436641
H	0.448877	B	0.280327	C	0.270796
H	0.464434	B	0.264537	C	0.271028
H	0.468358	B	0.277604	C	0.254039
H	0.41293	B	0.316165	C	0.270905
H	0.371685	B	0.326837	C	0.301478
H	0.320089	B	0.308466	C	0.371445
H	0.261341	B	0.275591	C	0.463068
H	0.234181	B	0.243833	C	0.521986
H	0.244767	B	0.221443	C	0.53379
H	0.244501	B	0.23661	C	0.518889
H	0.249191	B	0.302893	C	0.447916
H	0.233845	B	0.353559	C	0.412595
H	0.213934	B	0.376638	C	0.409428
H	0.148939	B	0.292119	C	0.558942
H	0.0994125	B	0.169246	C	0.731342
H	0.124839	B	0.161242	C	0.713919
H	0.158353	B	0.288429	C	0.553218
H	0.200162	B	0.471348	C	0.32849
H	0.198843	B	0.587021	C	0.214136
H	0.195018	B	0.63516	C	0.169822
H	0.17713	B	0.614966	C	0.207904
H	0.147892	B	0.544828	C	0.30728
H	0.129913	B	0.379251	C	0.490837
H	0.156744	B	0.261471	C	0.581785
H	0.178884	B	0.228554	C	0.592562
H	0.154857	B	0.185661	C	0.659483
H	0.103592	B	0.146037	C	0.750371
H	0.100216	B	0.221427	C	0.678357
H	0.115359	B	0.228085	C	0.656556
H	0.147992	B	0.197693	C	0.654315
H	0.133119	B	0.169488	C	0.697393
H	0.144166	B	0.162031	C	0.693803
H	0.116422	B	0.162041	C	0.721538
H	0.0819917	B	0.154886	C	0.763122
H	0.0393229	B	0.180917	C	0.77976
H	0.0309876	B	0.410248	C	0.558764
H	0.0216582	B	0.689248	C	0.289094
H	0.0167181	B	0.79953	C	0.183751
H	0.0156626	B	0.910363	C	0.0739743
H	0.0138257	B	0.951505	C	0.0346695
H	0.0135167	B	0.955469	C	0.0310143
H	0.0149763	B	0.935434	C	0.04959
H	0.0163942	B	0.840024	C	0.143582
H	0.0197317	B	0.609116	C	0.371153
H	0.026656	B	0.252224	C	0.72112
H	0.0368601	B	0.1057	C	0.85744
H	0.0641732	B	0.134468	C	0.801359
H	0.0913635	B	0.347949	C	0.560688
H	0.0969801	B	0.400764	C	0.502256
H	0.0908543	B	0.405954	C	0.503192
H	0.0611789	B	0.344657	C	0.594164
H	0.0416906	B	0.246713	C	0.711597
H	0.0359097	B	0.264097	C	0.699993
H	0.0306045	B	0.277222	C	0.692173
H	0.019909	B	0.136471	C	0.84362
H	0.0872182	B	0.0943345	C	0.818447
H	0.126549	B	0.0967613	C	0.77669
H	0.188811	B	0.108478	C	0.702711
H	0.154091	B	0.100749	C	0.745161
H	0.111709	B	0.0992178	C	0.789073
H	0.0411898	B	0.0828507	C	0.875959
H	0.0317605	B	0.108182	C	0.860057
H	0.020476	B	0.0993611	C	0.880163
H	0.0542508	B	0.0798273	C	0.865922
H	0.0569406	B	0.0833517	C	0.859708
H	0.0618862	B	0.122077	C	0.816037
H	0.0510066	B	0.22496	C	0.724033
H	0.0492219	B	0.373259	C	0.577519
H	0.0707518	B	0.464219	C	0.465029
H	0.0863641	B	0.47056	C	0.443075
H	0.106912	B	0.460327	C	0.43276
H	0.102424	B	0.465094	C	0.432482
H	0.0869408	B	0.438752	C	0.474307
H	0.0609762	B	0.29529	C	0.643734
H	0.0649379	B	0.165561	C	0.769501
H	0.114316	B	0.153175	C	0.732509
H	0.150132	B	0.24249	C	0.607379
H	0.150334	B	0.402451	C	0.447215
H	0.134073	B	0.62327	C	0.242657
H	0.122174	B	0.752538	C	0.125288
H	0.117502	B	0.787924	C	0.0945744
H	0.119769	B	0.769669	C	0.110562
H	0.0995418	B	0.642917	C	0.257541
H	0.0687655	B	0.437935	C	0.4933
H	0.0579469	B	0.347891	C	0.594162
H	0.0760085	B	0.291195	C	0.632797
H	0.153246	B	0.233835	C	0.612919
H	0.142171	B	0.258938	C	0.598891
H	0.13113	B	0.349684	C	0.519186
H	0.0891401	B	0.445618	C	0.465242
H	0.0786449	B	0.50868	C	0.412675
H	0.0978384	B	0.489637	C	0.412525
H	0.102704	B	0.385057	C	0.512239
H	0.143024	B	0.282165	C	0.57481
H	0.145649	B	0.290548	C	0.563803
H	0.161522	B	0.343146	C	0.495331
H	0.142796	B	0.297967	C	0.559236
H	0.10595	B	0.240454	C	0.653595
H	0.109956	B	0.321963	C	0.568081
H	0.104259	B	0.353023	C	0.542717
H	0.0830038	B	0.255971	C	0.661025
H	0.0435703	B	0.130578	C	0.825852
H	0.0479716	B	0.124694	C	0.827335
H	0.0618004	B	0.225757	C	0.712442
H	0.0894816	B	0.327319	C	0.583199
H	0.0894538	B	0.395691	C	0.514856
H	0.104514	B	0.566364	C	0.329121
H	0.111705	B	0.70965	C	0.178645
H	0.11708	B	0.759472	C	0.123448
H	0.101941	B	0.7329	C	0.165159
H	0.0950166	B	0.636022	C	0.268961
H	0.18611	B	0.463785	C	0.350105
H	0.297228	B	0.384318	C	0.318453
H	0.339255	B	0.430039	C	0.230706
H	0.350163	B	0.444654	C	0.205183
H	0.345911	B	0.430703	C	0.223386
H	0.323489	B	0.348749	C	0.327763
H	0.28626	B	0.226981	C	0.486759
H	0.321883	B	0.18107	C	0.497046
H	0.302968	B	0.20861	C	0.488422
H	0.288012	B	0.253565	C	0.458423
H	0.262206	B	0.308283	C	0.42951
H	0.243704	B	0.335817	C	0.420479
H	0.212269	B	0.319693	C	0.468038
H	0.20716	B	0.264283	C	0.528558
H	0.195646	B	0.207827	C	0.596527
H	0.203383	B	0.196626	C	0.59999
H	0.19425	B	0.217737	C	0.588013
H	0.167188	B	0.19293	C	0.639881
H	0.131271	B	0.142667	C	0.726062
H	0.094466	B	0.132052	C	0.773482
H	0.0624499	B	0.161381	C	0.776169
H	0.0753107	B	0.326505	C	0.598184
H	0.0674338	B	0.517994	C	0.414573
H	0.066062	B	0.570079	C	0.363859
H	0.0662049	B	0.629488	C	0.304307
H	0.0741608	B	0.798654	C	0.127185
H	0.0674406	B	0.865045	C	0.0675147
H	0.0700981	B	0.856274	C	0.0736284
H	0.0763141	B	0.793673	C	0.130013
H	0.102413	B	0.66802	C	0.229567
H	0.147616	B	0.482256	C	0.370129
H	0.171586	B	0.274189	C	0.554226
H	0.165102	B	0.189857	C	0.645041
H	0.13196	B	0.151642	C	0.716398
H	0.117297	B	0.196261	C	0.686442
H	0.115034	B	0.404977	C	0.479989
H	0.103182	B	0.553482	C	0.343337
H	0.106746	B	0.604638	C	0.288616
H	0.117119	B	0.600207	C	0.282675
H	0.112263	B	0.570371	C	0.317366
H	0.0874883	B	0.48021	C	0.432301
H	0.0506278	B	0.27913	C	0.670242
H	0.206632	B	0.189416	C	0.603952
H	0.257044	B	0.131757	C	0.6112
H	0.295119	B	0.15022	C	0.554662
H	0.346356	B	0.151047	C	0.502597
H	0.359997	B	0.150868	C	0.489135
H	0.368025	B	0.222179	C	0.409795
H	0.315886	B	0.262785	C	0.421329
H	0.257182	B	0.263411	C	0.479407
H	0.171189	B	0.209886	C	0.618925
H	0.0966871	B	0.123824	C	0.779488
H	0.115005	B	0.161404	C	0.72359
H	0.163226	B	0.26898	C	0.567794
H	0.18056	B	0.360424	C	0.459017
H	0.178488	B	0.507461	C	0.314052
H	0.135201	B	0.543735	C	0.321063
H	0.0993098	B	0.449455	C	0.451235
H	0.0979789	B	0.272338	C	0.629683
H	0.157529	B	0.162582	C	0.679889
H	0.16115	B	0.16218	C	0.67667
H	0.153233	B	0.45837	C	0.388397
H	0.11863	B	0.734184	C	0.147186
H	0.106774	B	0.814274	C	0.0789517
H	0.0977026	B	0.821564	C	0.0807335
H	0.0949209	B	0.746558	C	0.158521
H	0.0803585	B	0.498498	C	0.421144
H	0.120541	B	0.227255	C	0.652204
H	0.139658	B	0.129879	C	0.730462
H	0.174153	B	0.15541	C	0.670437
H	0.173186	B	0.212371	C	0.614443
H	0.189144	B	0.272111	C	0.538745
H	0.192371	B	0.308529	C	0.499099
H	0.202972	B	0.320939	C	0.476089
H	0.202281	B	0.308906	C	0.488813
H	0.217252	B	0.256536	C	0.526212
H	0.224807	B	0.188926	C	0.586267
H	0.352109	B	0.150006	C	0.497885
H	0.344794	B	0.125389	C	0.529816
H	0.363179	B	0.12969	C	0.507131
H	0.338455	B	0.151048	C	0.510496
H	0.280318	B	0.141259	C	0.578423
H	0.172084	B	0.119735	C	0.708182
H	0.152387	B	0.195064	C	0.652549
H	0.158672	B	0.304862	C	0.536466
H	0.143868	B	0.312479	C	0.543653
H	0.113922	B	0.362033	C	0.524045
H	0.0982738	B	0.580424	C	0.321303
H	0.0754708	B	0.670065	C	0.254464
H	0.0697809	B	0.693448	C	0.236771
H	0.070206	B	0.668472	C	0.261322
H	0.0595622	B	0.560577	C	0.379861
H	0.0588688	B	0.377873	C	0.563259
H	0.0613684	B	0.202654	C	0.735978
H	0.0939533	B	0.15175	C	0.754297
H	0.215309	B	0.147965	C	0.636726
H	0.282717	B	0.205598	C	0.511685
H	0.301624	B	0.313152	C	0.385224
H	0.281077	B	0.429688	C	0.289235
H	0.255283	B	0.52006	C	0.224657
H	0.220204	B	0.550314	C	0.229483
H	0.192673	B	0.544951	C	0.262376
H	0.156798	B	0.474438	C	0.368764
H	0.106978	B	0.248239	C	0.644783
H	0.125256	B	0.172611	C	0.702133
H	0.0862251	B	0.138654	C	0.775121
H	0.0605288	B	0.178603	C	0.760868
H	0.0571518	B	0.370317	C	0.572531
H	0.0699641	B	0.478012	C	0.452024
H	0.0930399	B	0.468002	C	0.438958
H	0.0929279	B	0.429025	C	0.478047
H	0.110655	B	0.369192	C	0.520153
H	0.112029	B	0.318549	C	0.569422
H	0.200178	B	0.299477	C	0.500344
H	0.199245	B	0.322615	C	0.478139
H	0.20793	B	0.430909	C	0.361161
H	0.202864	B	0.502585	C	0.294551
H	0.209479	B	0.507821	C	0.2827
H	0.202447	B	0.452685	C	0.344868
H	0.23981	B	0.347288	C	0.412903
H	0.268307	B	0.272548	C	0.459145
H	0.386994	B	0.229085	C	0.383921
H	0.421262	B	0.230487	C	0.348251
H	0.432395	B	0.214587	C	0.353018
H	0.385875	B	0.17588	C	0.438245
H	0.238307	B	0.144863	C	0.61683
H	0.119005	B	0.116755	C	0.76424
H	0.106487	B	0.155284	C	0.738229
H	0.0913092	B	0.2572	C	0.65149
H	0.094856	B	0.374414	C	0.53073
H	0.0716134	B	0.543264	C	0.385122
H	0.0585759	B	0.717262	C	0.224162
H	0.033424	B	0.779399	C	0.187177
H	0.0229457	B	0.755865	C	0.22119
H	0.0190541	B	0.557714	C	0.423232
H	0.0406679	B	0.31167	C	0.647662
H	0.156437	B	0.154018	C	0.689545
H	0.315642	B	0.120418	C	0.563939
H	0.346281	B	0.139911	C	0.513808
H	0.35715	B	0.179747	C	0.463103
H	0.36003	B	0.205959	C	0.434011
H	0.361314	B	0.203566	C	0.43512
H	0.340685	B	0.195108	C	0.464207
H	0.326613	B	0.203893	C	0.469494
H	0.301848	B	0.227037	C	0.471115
H	0.263304	B	0.228055	C	0.508641
H	0.201473	B	0.280195	C	0.518332
H	0.175076	B	0.485678	C	0.339245
H	0.140048	B	0.584737	C	0.275215
H	0.123284	B	0.618882	C	0.257834
H	0.121009	B	0.605699	C	0.273292
H	0.0981786	B	0.529069	C	0.372753
H	0.085859	B	0.369098	C	0.545043
H	0.0835815	B	0.199958	C	0.716461
H	0.115055	B	0.149616	C	0.735329
H	0.240276	B	0.153411	C	0.606313
H	0.296211	B	0.220905	C	0.482884
H	0.302339	B	0.342098	C	0.355564
H	0.271419	B	0.464702	C	0.263879
H	0.245662	B	0.552243	C	0.202094
H	0.211594	B	0.576138	C	0.212269
H	0.182837	B	0.567606	C	0.249557
H	0.153724	B	0.49516	C	0.351116
H	0.112645	B	0.258221	C	0.629134
H	0.136916	B	0.176458	C	0.686627
H	0.107182	B	0.129567	C	0.763251
H	0.080885	B	0.165913	C	0.753202
H	0.0773933	B	0.340012	C	0.582594
H	0.0955963	B	0.433968	C	0.470436
H	0.1241	B	0.406232	C	0.469669
H	0.133864	B	0.361595	C	0.504541
H	0.167758	B	0.318622	C	0.51362
H	0.167188	B	0.278158	C	0.554655
H	0.338781	B	0.286658	C	0.374561
H	0.346704	B	0.318617	C	0.334679
H	0.352493	B	0.376397	C	0.27111
H	0.368246	B	0.401214	C	0.23054
H	0.37044	B	0.383701	C	0.245859
H	0.371872	B	0.310003	C	0.318124
H	0.392705	B	0.237058	C	0.370237
H	0.395639	B	0.230208	C	0.374153
H	0.404998	B	0.295964	C	0.299038
H	0.388297	B	0.404601	C	0.207102
H	0.367511	B	0.450339	C	0.18215
H	0.312488	B	0.439859	C	0.247653
H	0.229803	B	0.33816	C	0.432037
H	0.148261	B	0.205275	C	0.646464
H	0.172176	B	0.229921	C	0.597902
H	0.170312	B	0.337033	C	0.492655
H	0.151892	B	0.461881	C	0.386227
H	0.0902751	B	0.504339	C	0.405386
H	0.0510938	B	0.443265	C	0.505642
H	0.0166197	B	0.22244	C	0.760941
H	0.0193623	B	0.12031	C	0.860328
H	0.0175048	B	0.0442111	C	0.938284
H	0.121866	B	0.0409074	C	0.837226
H	0.0901813	B	0.0599933	C	0.849825
H	0.0932874	B	0.109928	C	0.796785
H	0.0287931	B	0.124341	C	0.846866
H	0.0531585	B	0.154477	C	0.792364
H	0.0702434	B	0.203684	C	0.726073
H	0.0951757	B	0.207125	C	0.697699
H	0.113608	B	0.166488	C	0.719904
H	0.132998	B	0.202213	C	0.664789
H	0.120974	B	0.221474	C	0.657552
H	0.10733	B	0.197041	C	0.695629
H	0.0844617	B	0.193068	C	0.72247
H	0.0677215	B	0.162387	C	0.769892
H	0.0860595	B	0.170978	C	0.742963
H	0.0821426	B	0.167496	C	0.750361
H	0.0863785	B	0.126953	C	0.786668
H	0.105161	B	0.17742	C	0.717419
H	0.140792	B	0.20118	C	0.658027
H	0.216483	B	0.157316	C	0.626202
H	0.332983	B	0.106863	C	0.560154
H	0.481214	B	0.104941	C	0.413845
H	0.573483	B	0.116241	C	0.310276
H	0.605096	B	0.122742	C	0.272162
H	0.611285	B	0.13864	C	0.250075
H	0.626155	B	0.163828	C	0.210017
H	0.585657	B	0.168915	C	0.245429
H	0.534286	B	0.1614	C	0.304315
H	0.515434	B	0.145727	C	0.338839
H	0.471214	B	0.133223	C	0.395563
H	0.428595	B	0.124353	C	0.447052
H	0.317562	B	0.100364	C	0.582074
H	0.194712	B	0.0978582	C	0.707429
H	0.19102	B	0.185901	C	0.623078
H	0.180607	B	0.262038	C	0.557355
H	0.166707	B	0.275649	C	0.557644
H	0.11775	B	0.237196	C	0.645054
H	0.0760221	B	0.158195	C	0.765783
H	0.079207	B	0.182041	C	0.738752
H	0.0835142	B	0.199436	C	0.71705
H	0.057291	B	0.144391	C	0.798318
H	0.0511067	B	0.181451	C	0.767442
H	0.0429285	B	0.265251	C	0.69182
H	0.0284679	B	0.228448	C	0.743084
H	0.00298325	B	0.00433676	C	0.99268
