H	0.00307306	B	0.00234012	C	0.994587
H	0.0358186	B	0.113406	C	0.850776
H	0.126468	B	0.0913776	C	0.782155
H	0.12789	B	0.0627718	C	0.809338
H	0.138838	B	0.0572042	C	0.803957
H	0.1359	B	0.0656679	C	0.798432
H	0.107817	B	0.056473	C	0.83571
H	0.149407	B	0.0684788	C	0.782114
H	0.208526	B	0.0897965	C	0.701678
H	0.385017	B	0.118306	C	0.496677
H	0.429885	B	0.141373	C	0.428742
H	0.455668	B	0.157823	C	0.386509
H	0.49942	B	0.214756	C	0.285824
H	0.499501	B	0.261243	C	0.239256
H	0.502694	B	0.272851	C	0.224456
H	0.480816	B	0.271918	C	0.247266
H	0.436331	B	0.219044	C	0.344625
H	0.376289	B	0.14365	C	0.480061
H	0.24422	B	0.0673775	C	0.688402
H	0.154622	B	0.0500908	C	0.795287
H	0.164044	B	0.0952871	C	0.740669
H	0.244258	B	0.193871	C	0.561871
H	0.248146	B	0.212257	C	0.539597
H	0.223243	B	0.16996	C	0.606797
H	0.165234	B	0.11427	C	0.720496
H	0.158645	B	0.112799	C	0.728557
H	0.185822	B	0.171852	C	0.642325
H	0.225289	B	0.280703	C	0.494008
H	0.233184	B	0.34199	C	0.424827
H	0.22601	B	0.318387	C	0.455603
H	0.2461	B	0.308075	C	0.445824
H	0.275285	B	0.396926	C	0.327789
H	0.288769	B	0.446291	C	0.26494
H	0.296508	B	0.43624	C	0.267252
H	0.293017	B	0.410058	C	0.296925
H	0.272482	B	0.340848	C	0.386671
H	0.274995	B	0.261028	C	0.463978
H	0.23581	B	0.276735	C	0.487455
H	0.174388	B	0.282493	C	0.543119
H	0.0705791	B	0.185692	C	0.743728
H	0.121867	B	0.13051	C	0.747623
H	0.137244	B	0.0829547	C	0.779801
H	0.121356	B	0.112351	C	0.766293
H	0.119223	B	0.220448	C	0.66033
H	0.162776	B	0.450431	C	0.386792
H	0.175604	B	0.518899	C	0.305497
H	0.175738	B	0.482808	C	0.341454
H	0.157976	B	0.41014	C	0.431884
H	0.153366	B	0.377192	C	0.469442
H	0.125147	B	0.322851	C	0.552002
H	0.106818	B	0.250728	C	0.642454
H	0.133185	B	0.291675	C	0.57514
H	0.141579	B	0.270726	C	0.587695
H	0.161533	B	0.239979	C	0.598489
H	0.176384	B	0.314357	C	0.50926
H	0.171743	B	0.318685	C	0.509571
H	0.143328	B	0.238626	C	0.618047
H	0.108618	B	0.14213	C	0.749252
H	0.114478	B	0.175584	C	0.709937
H	0.163616	B	0.343852	C	0.492533
H	0.165711	B	0.404447	C	0.429842
H	0.143458	B	0.431922	C	0.42462
H	0.101375	B	0.402759	C	0.495866
H	0.0307212	B	0.166432	C	0.802847
H	0.19678	B	0.0662649	C	0.736955
H	0.207766	B	0.0480094	C	0.744225
H	0.228115	B	0.0633954	C	0.708489
H	0.201502	B	0.111396	C	0.687102
H	0.236274	B	0.25144	C	0.512286
H	0.233693	B	0.35274	C	0.413567
H	0.234163	B	0.36651	C	0.399327
H	0.204327	B	0.394778	C	0.400896
H	0.129067	B	0.40446	C	0.466473
H	0.035404	B	0.183605	C	0.780991
H	0.122645	B	0.0949723	C	0.782382
H	0.121563	B	0.0747267	C	0.803711
H	0.112057	B	0.0827896	C	0.805153
H	0.108013	B	0.158214	C	0.733773
H	0.13706	B	0.376276	C	0.486664
H	0.14285	B	0.452565	C	0.404586
H	0.120088	B	0.480751	C	0.399161
H	0.0820664	B	0.456619	C	0.461315
H	0.0257047	B	0.223648	C	0.750647
H	0.0987291	B	0.117491	C	0.783779
H	0.100974	B	0.0897157	C	0.809311
H	0.0984487	B	0.0875264	C	0.814025
H	0.102923	B	0.156922	C	0.740156
H	0.136638	B	0.364041	C	0.499321
H	0.161855	B	0.460794	C	0.377351
H	0.172468	B	0.466241	C	0.361291
H	0.140741	B	0.48619	C	0.373069
H	0.0769172	B	0.463381	C	0.459702
H	0.0243817	B	0.222489	C	0.753129
H	0.0905743	B	0.119322	C	0.790103
H	0.092768	B	0.0903449	C	0.816887
H	0.0788267	B	0.0793312	C	0.841842
H	0.0621162	B	0.118661	C	0.819223
H	0.0816744	B	0.226109	C	0.692217
H	0.0873408	B	0.246236	C	0.666423
H	0.107457	B	0.276692	C	0.61585
H	0.152116	B	0.387981	C	0.459903
H	0.151156	B	0.413962	C	0.434882
H	0.15295	B	0.411978	C	0.435072
H	0.129201	B	0.401915	C	0.468884
H	0.11436	B	0.366471	C	0.519169
H	0.177095	B	0.293896	C	0.529008
H	0.175096	B	0.185547	C	0.639357
H	0.187222	B	0.1216	C	0.691177
H	0.176614	B	0.149993	C	0.673393
H	0.209172	B	0.22397	C	0.566858
H	0.199739	B	0.246984	C	0.553277
H	0.20487	B	0.269655	C	0.525475
H	0.203474	B	0.354443	C	0.442083
H	0.18709	B	0.397261	C	0.415649
H	0.139711	B	0.311169	C	0.549121
H	0.0663658	B	0.246689	C	0.686945
H	0.0433309	B	0.300114	C	0.656555
H	0.0293038	B	0.226878	C	0.743818
H	0.144082	B	0.16185	C	0.694068
H	0.219338	B	0.109531	C	0.67113
H	0.25123	B	0.102027	C	0.646744
H	0.199618	B	0.109935	C	0.690447
H	0.106511	B	0.13643	C	0.75706
H	0.0953151	B	0.187827	C	0.716858
H	0.0927466	B	0.19305	C	0.714203
H	0.747482	B	0.0752031	C	0.177315
H	0.778213	B	0.045145	C	0.176642
H	0.830985	B	0.0352625	C	0.133753
H	0.835174	B	0.0471354	C	0.11769
H	0.830923	B	0.0529	C	0.116176
H	0.840817	B	0.0500101	C	0.109173
H	0.814191	B	0.0426029	C	0.143206
H	0.782295	B	0.0377998	C	0.179906
H	0.727782	B	0.0360192	C	0.236199
H	0.631727	B	0.03685	C	0.331423
H	0.437873	B	0.0419489	C	0.520178
H	0.0729168	B	0.0333271	C	0.893756
H	0.0524972	B	0.0360005	C	0.911502
H	0.0390613	B	0.0389636	C	0.921975
H	0.174775	B	0.0447614	C	0.780463
H	0.243808	B	0.106608	C	0.649584
H	0.269584	B	0.264641	C	0.465774
H	0.24067	B	0.47524	C	0.28409
H	0.212505	B	0.619459	C	0.168036
H	0.195049	B	0.700292	C	0.104659
H	0.185533	B	0.711873	C	0.102595
H	0.179285	B	0.640691	C	0.180024
H	0.192892	B	0.455133	C	0.351974
H	0.226778	B	0.19499	C	0.578233
H	0.218723	B	0.0972278	C	0.684049
H	0.244738	B	0.136504	C	0.618758
H	0.278728	B	0.317528	C	0.403744
H	0.302367	B	0.439841	C	0.257792
H	0.345236	B	0.437092	C	0.217672
H	0.346041	B	0.359386	C	0.294573
H	0.334703	B	0.280226	C	0.385071
H	0.318456	B	0.228702	C	0.452841
H	0.303063	B	0.251379	C	0.445558
H	0.293299	B	0.271923	C	0.434778
H	0.255364	B	0.300325	C	0.444311
H	0.173542	B	0.261258	C	0.565199
H	0.0475653	B	0.177056	C	0.775378
H	0.029206	B	0.182023	C	0.788771
H	0.0258851	B	0.16412	C	0.809995
H	0.11451	B	0.129795	C	0.755695
H	0.19223	B	0.0914028	C	0.716368
H	0.265288	B	0.0916094	C	0.643103
H	0.279252	B	0.0832446	C	0.637503
H	0.304569	B	0.0577186	C	0.637713
H	0.419912	B	0.0604249	C	0.519663
H	0.516325	B	0.0704669	C	0.413208
H	0.624148	B	0.0775097	C	0.298342
H	0.636986	B	0.0883063	C	0.274708
H	0.631354	B	0.0926979	C	0.275948
H	0.577692	B	0.0912782	C	0.33103
H	0.518746	B	0.090639	C	0.390615
H	0.471638	B	0.0844721	C	0.44389
H	0.390469	B	0.101052	C	0.508479
H	0.304049	B	0.107911	C	0.58804
H	0.152517	B	0.103062	C	0.744421
H	0.0383024	B	0.0719144	C	0.889783
H	0.0644191	B	0.0618412	C	0.87374
H	0.05636	B	0.0729066	C	0.870733
H	0.0609727	B	0.0959993	C	0.843028
H	0.0327303	B	0.082155	C	0.885115
H	0.0945726	B	0.0960487	C	0.809379
H	0.110502	B	0.180595	C	0.708903
H	0.14457	B	0.29289	C	0.562539
H	0.0954984	B	0.322353	C	0.582149
H	0.0845708	B	0.313196	C	0.602233
H	0.0736849	B	0.248877	C	0.677438
H	0.121307	B	0.209842	C	0.668851
H	0.15471	B	0.215314	C	0.629976
H	0.171432	B	0.202726	C	0.625842
H	0.220551	B	0.177114	C	0.602334
H	0.187553	B	0.151461	C	0.660986
H	0.128542	B	0.145826	C	0.725632
H	0.0523411	B	0.130606	C	0.817053
H	0.0915159	B	0.175577	C	0.732907
H	0.122622	B	0.240725	C	0.636653
H	0.157321	B	0.25462	C	0.588059
H	0.256312	B	0.221829	C	0.521859
H	0.377849	B	0.183532	C	0.43862
H	0.398599	B	0.174415	C	0.426987
H	0.421627	B	0.149386	C	0.428987
H	0.438952	B	0.127497	C	0.433551
H	0.462748	B	0.111415	C	0.425837
H	0.465668	B	0.102144	C	0.432188
H	0.48276	B	0.0834597	C	0.43378
H	0.382026	B	0.0737021	C	0.544271
H	0.272371	B	0.0819117	C	0.645717
H	0.0718916	B	0.0647226	C	0.863386
H	0.0886905	B	0.068947	C	0.842363
H	0.15498	B	0.174528	C	0.670491
H	0.202079	B	0.287332	C	0.510588
H	0.197428	B	0.316535	C	0.486037
H	0.182655	B	0.370087	C	0.447258
H	0.127912	B	0.477691	C	0.394397
H	0.0870928	B	0.581814	C	0.331093
H	0.086723	B	0.601157	C	0.31212
H	0.0805274	B	0.503923	C	0.41555
H	0.131533	B	0.362011	C	0.506456
H	0.139113	B	0.274052	C	0.586835
H	0.15066	B	0.221568	C	0.627773
H	0.136504	B	0.200542	C	0.662953
H	0.113527	B	0.145951	C	0.740523
H	0.130788	B	0.114914	C	0.754298
H	0.131908	B	0.0920577	C	0.776035
H	0.173616	B	0.0942758	C	0.732108
H	0.186405	B	0.130677	C	0.682918
H	0.191885	B	0.181583	C	0.626533
H	0.315018	B	0.224642	C	0.46034
H	0.309425	B	0.202096	C	0.488479
H	0.40003	B	0.152473	C	0.447496
H	0.706907	B	0.0799842	C	0.213109
H	0.769235	B	0.0728833	C	0.157882
H	0.79853	B	0.094803	C	0.106667
H	0.780921	B	0.123586	C	0.0954926
H	0.755579	B	0.127201	C	0.11722
H	0.711874	B	0.106529	C	0.181597
H	0.661772	B	0.0738711	C	0.264357
H	0.621887	B	0.0474348	C	0.330679
H	0.620712	B	0.0443225	C	0.334965
H	0.563505	B	0.0591493	C	0.377346
H	0.487861	B	0.0827204	C	0.429419
H	0.352717	B	0.0849265	C	0.562357
H	0.291397	B	0.049803	C	0.6588
H	0.584859	B	0.0440743	C	0.371066
H	0.659182	B	0.106349	C	0.234469
H	0.659136	B	0.164474	C	0.176391
H	0.638831	B	0.193199	C	0.16797
H	0.620538	B	0.160851	C	0.218611
H	0.567732	B	0.133292	C	0.298977
H	0.484041	B	0.14677	C	0.369188
H	0.279912	B	0.16642	C	0.553668
H	0.0687735	B	0.0909181	C	0.840308
H	0.0469734	B	0.0723363	C	0.88069
H	0.070005	B	0.122876	C	0.807119
H	0.0711925	B	0.197219	C	0.731589
H	0.0662254	B	0.524003	C	0.409771
H	0.0519005	B	0.765989	C	0.182111
H	0.0452684	B	0.868567	C	0.0861642
H	0.048079	B	0.904782	C	0.0471391
H	0.0468193	B	0.907231	C	0.0459498
H	0.0499236	B	0.871467	C	0.0786096
H	0.0552193	B	0.736008	C	0.208773
H	0.0538881	B	0.579518	C	0.366594
H	0.0778755	B	0.525455	C	0.39667
H	0.100921	B	0.439004	C	0.460075
H	0.115442	B	0.270841	C	0.613717
H	0.129995	B	0.128662	C	0.741343
H	0.131535	B	0.114123	C	0.754342
H	0.172076	B	0.195028	C	0.632897
H	0.167752	B	0.258532	C	0.573716
H	0.161294	B	0.265653	C	0.573053
H	0.14043	B	0.209308	C	0.650262
H	0.109462	B	0.137896	C	0.752642
H	0.103523	B	0.182347	C	0.714129
H	0.092534	B	0.418789	C	0.488677
H	0.0993855	B	0.767637	C	0.132978
H	0.0936141	B	0.8403	C	0.0660861
H	0.103082	B	0.829363	C	0.0675547
H	0.09533	B	0.759176	C	0.145494
H	0.0789688	B	0.554924	C	0.366107
H	0.0591212	B	0.305432	C	0.635447
H	0.0704779	B	0.226742	C	0.70278
H	0.101332	B	0.19903	C	0.699638
H	0.0943291	B	0.108537	C	0.797134
H	0.633754	B	0.0588986	C	0.307348
H	0.69091	B	0.0761088	C	0.232981
H	0.728148	B	0.0974761	C	0.174376
H	0.811832	B	0.0975428	C	0.0906252
H	0.836453	B	0.0937086	C	0.0698382
H	0.861581	B	0.0763787	C	0.0620408
H	0.8794	B	0.0583875	C	0.0622124
H	0.887643	B	0.0501279	C	0.0622295
H	0.894301	B	0.0408645	C	0.0648342
H	0.890753	B	0.0334301	C	0.0758171
H	0.874662	B	0.0279874	C	0.0973509
H	0.833446	B	0.0254146	C	0.14114
H	0.772206	B	0.0247352	C	0.203059
H	0.482482	B	0.0219782	C	0.49554
H	0.204114	B	0.0282458	C	0.76764
H	0.151453	B	0.0672391	C	0.781308
H	0.0877519	B	0.138947	C	0.773301
H	0.0465508	B	0.288864	C	0.664585
H	0.0370379	B	0.587729	C	0.375233
H	0.0397648	B	0.837552	C	0.122683
H	0.0483622	B	0.889096	C	0.062542
H	0.0512162	B	0.893274	C	0.0555102
H	0.0500189	B	0.876233	C	0.0737478
H	0.0517467	B	0.823331	C	0.124922
H	0.0582952	B	0.662204	C	0.279501
H	0.0594958	B	0.387056	C	0.553448
H	0.0717812	B	0.157354	C	0.770865
H	0.0917454	B	0.084727	C	0.823528
H	0.314636	B	0.0744047	C	0.610959
H	0.369545	B	0.103605	C	0.52685
H	0.377371	B	0.13539	C	0.487239
H	0.288678	B	0.121793	C	0.589529
H	0.193696	B	0.0696668	C	0.736637
H	0.112536	B	0.0389986	C	0.848465
H	0.0788437	B	0.0609436	C	0.860213
H	0.0906863	B	0.207364	C	0.701949
H	0.121352	B	0.608949	C	0.269699
H	0.130696	B	0.715571	C	0.153734
H	0.154894	B	0.707349	C	0.137757
H	0.20845	B	0.598153	C	0.193397
H	0.218395	B	0.432026	C	0.349578
H	0.290175	B	0.38209	C	0.327736
H	0.319669	B	0.398196	C	0.282135
H	0.322042	B	0.436762	C	0.241196
H	0.291091	B	0.422518	C	0.286391
H	0.254685	B	0.339315	C	0.406
H	0.228599	B	0.208718	C	0.562683
H	0.21062	B	0.157138	C	0.632242
H	0.176227	B	0.183366	C	0.640407
H	0.134	B	0.310163	C	0.555838
H	0.0938322	B	0.55718	C	0.348987
H	0.0708419	B	0.746963	C	0.182195
H	0.0566849	B	0.823005	C	0.12031
H	0.0628543	B	0.823122	C	0.114023
H	0.051068	B	0.69067	C	0.258262
H	0.0343856	B	0.410538	C	0.555076
H	0.0252263	B	0.107379	C	0.867394
H	0.0789041	B	0.0375271	C	0.883569
H	0.12193	B	0.0393804	C	0.838689
H	0.172839	B	0.125198	C	0.701963
H	0.201955	B	0.398791	C	0.399255
H	0.204632	B	0.579956	C	0.215412
H	0.233214	B	0.645179	C	0.121608
H	0.294806	B	0.624784	C	0.0804099
H	0.306592	B	0.589647	C	0.103761
H	0.308211	B	0.521667	C	0.170122
H	0.282601	B	0.446513	C	0.270886
H	0.244182	B	0.356725	C	0.399093
H	0.16148	B	0.193002	C	0.645518
H	0.167152	B	0.1096	C	0.723248
H	0.215502	B	0.12184	C	0.662658
H	0.219626	B	0.140491	C	0.639882
H	0.338148	B	0.138	C	0.523852
H	0.258785	B	0.128773	C	0.612442
H	0.217322	B	0.185881	C	0.596797
H	0.163528	B	0.407696	C	0.428776
H	0.115869	B	0.611628	C	0.272503
H	0.103617	B	0.813096	C	0.0832863
H	0.0823049	B	0.876203	C	0.0414925
H	0.0806431	B	0.881481	C	0.037876
H	0.076561	B	0.861862	C	0.0615768
H	0.087852	B	0.742342	C	0.169806
H	0.0977315	B	0.457848	C	0.444421
H	0.114204	B	0.240521	C	0.645276
H	0.115697	B	0.112685	C	0.771618
H	0.0833095	B	0.0913005	C	0.82539
H	0.101203	B	0.249358	C	0.64944
H	0.109131	B	0.451438	C	0.439431
H	0.126412	B	0.455038	C	0.41855
H	0.132518	B	0.384643	C	0.482839
H	0.121814	B	0.331247	C	0.546939
H	0.129379	B	0.368182	C	0.502439
H	0.130147	B	0.335133	C	0.53472
H	0.124945	B	0.217307	C	0.657748
H	0.126812	B	0.0853273	C	0.787861
H	0.199086	B	0.0687761	C	0.732138
H	0.330527	B	0.120441	C	0.549032
H	0.474518	B	0.132778	C	0.392704
H	0.689305	B	0.103808	C	0.206887
H	0.754981	B	0.110171	C	0.134848
H	0.775435	B	0.13853	C	0.0860345
H	0.78646	B	0.160414	C	0.0531257
H	0.776456	B	0.179945	C	0.0435988
H	0.755562	B	0.185139	C	0.0592991
H	0.711084	B	0.170855	C	0.118061
H	0.638876	B	0.147094	C	0.214029
H	0.521017	B	0.100992	C	0.377991
H	0.22566	B	0.0608478	C	0.713492
H	0.0538709	B	0.0520563	C	0.894073
H	0.0489232	B	0.107508	C	0.843569
H	0.0300484	B	0.217881	C	0.752071
H	0.0256707	B	0.67202	C	0.302309
H	0.0151554	B	0.90955	C	0.0752945
H	0.0123987	B	0.966122	C	0.0214794
H	0.0119571	B	0.970796	C	0.0172467
H	0.0121112	B	0.963045	C	0.024844
H	0.0165125	B	0.888007	C	0.0954805
H	0.0230983	B	0.588081	C	0.388821
H	0.0378669	B	0.320531	C	0.641603
H	0.0438698	B	0.136162	C	0.819968
H	0.0405979	B	0.057125	C	0.902277
H	0.0417091	B	0.0317734	C	0.926518
H	0.155611	B	0.0437175	C	0.800672
H	0.198329	B	0.128576	C	0.673095
H	0.209592	B	0.183995	C	0.606413
H	0.160515	B	0.170772	C	0.668713
H	0.163655	B	0.149356	C	0.686988
H	0.164369	B	0.0852014	C	0.750429
H	0.819722	B	0.0204754	C	0.159802
H	0.834049	B	0.0210233	C	0.144928
H	0.839468	B	0.0249345	C	0.135597
H	0.839038	B	0.0288397	C	0.132122
H	0.841732	B	0.0225444	C	0.135723
H	0.831726	B	0.0278429	C	0.140432
H	0.826188	B	0.0248151	C	0.148997
H	0.841004	B	0.0234949	C	0.135501
H	0.820201	B	0.0158393	C	0.16396
H	0.822502	B	0.0114579	C	0.166041
H	0.951458	B	0.00872214	C	0.0398203
H	0.965138	B	0.0086671	C	0.0261946
H	0.968066	B	0.00955703	C	0.0223774
H	0.973918	B	0.00923475	C	0.0168472
H	0.968264	B	0.0118899	C	0.0198457
H	0.957646	B	0.0130233	C	0.0293307
H	0.913632	B	0.0169596	C	0.0694088
H	0.692209	B	0.0256482	C	0.282143
H	0.213769	B	0.0352461	C	0.750985
H	0.111001	B	0.0652288	C	0.823771
H	0.0854231	B	0.167577	C	0.747
H	0.0704507	B	0.329862	C	0.599687
H	0.0434558	B	0.38778	C	0.568765
H	0.037874	B	0.416644	C	0.545482
H	0.0270652	B	0.500815	C	0.472119
H	0.0254544	B	0.815862	C	0.158683
H	0.0203437	B	0.877994	C	0.101663
H	0.0172521	B	0.862098	C	0.12065
H	0.0158196	B	0.713891	C	0.270289
H	0.0212134	B	0.494874	C	0.483912
H	0.049567	B	0.330016	C	0.620417
H	0.0733393	B	0.192218	C	0.734443
H	0.0882878	B	0.130941	C	0.780771
H	0.133874	B	0.170013	C	0.696113
H	0.143773	B	0.139626	C	0.7166
H	0.243598	B	0.104244	C	0.652157
H	0.273454	B	0.125233	C	0.601313
H	0.28366	B	0.152621	C	0.56372
H	0.376671	B	0.127904	C	0.495425
H	0.397518	B	0.105668	C	0.496815
H	0.346672	B	0.0953088	C	0.558019
H	0.238498	B	0.0993079	C	0.662194
H	0.0874325	B	0.11314	C	0.799427
H	0.0149861	B	0.0454727	C	0.939541
H	0.319926	B	0.0261379	C	0.653936
H	0.277176	B	0.0351658	C	0.687659
H	0.266447	B	0.0603204	C	0.673232
H	0.0464081	B	0.0722214	C	0.88137
H	0.0894166	B	0.0968761	C	0.813707
H	0.14286	B	0.173258	C	0.683882
H	0.167292	B	0.186349	C	0.646358
H	0.169193	B	0.118988	C	0.711819
H	0.385335	B	0.0533241	C	0.561341
H	0.591007	B	0.0401653	C	0.368828
H	0.664501	B	0.0729869	C	0.262512
H	0.858939	B	0.0577614	C	0.0833001
H	0.901519	B	0.0472054	C	0.0512757
H	0.910055	B	0.0424155	C	0.0475294
H	0.91145	B	0.0353822	C	0.0531676
H	0.883254	B	0.0317588	C	0.0849867
H	0.80459	B	0.0264324	C	0.168978
H	0.709307	B	0.0262691	C	0.264424
H	0.592825	B	0.0298275	C	0.377347
H	0.518901	B	0.0340284	C	0.447071
H	0.471861	B	0.0508751	C	0.477264
H	0.439417	B	0.0743866	C	0.486197
H	0.399173	B	0.0877051	C	0.513122
H	0.400257	B	0.119414	C	0.480329
H	0.345617	B	0.165485	C	0.488898
H	0.212007	B	0.1623	C	0.625694
H	0.130384	B	0.0940391	C	0.775577
H	0.309429	B	0.0555306	C	0.635041
H	0.370459	B	0.0758181	C	0.553723
H	0.386626	B	0.157199	C	0.456175
H	0.448368	B	0.178362	C	0.37327
H	0.609972	B	0.130787	C	0.25924
H	0.640483	B	0.121192	C	0.238325
H	0.714952	B	0.125994	C	0.159053
H	0.717995	B	0.116627	C	0.165378
H	0.70195	B	0.101844	C	0.196206
H	0.689182	B	0.0988159	C	0.212002
H	0.665638	B	0.0883318	C	0.24603
H	0.617959	B	0.0640631	C	0.317978
H	0.561292	B	0.0491015	C	0.389607
H	0.433329	B	0.0552939	C	0.511377
H	0.345926	B	0.112621	C	0.541453
H	0.33497	B	0.257031	C	0.407999
H	0.330785	B	0.442517	C	0.226698
H	0.260662	B	0.510152	C	0.229186
H	0.220842	B	0.466283	C	0.312875
H	0.163445	B	0.418299	C	0.418256
H	0.145394	B	0.467198	C	0.387409
H	0.138034	B	0.45998	C	0.401986
H	0.126854	B	0.367454	C	0.505692
H	0.129684	B	0.24587	C	0.624446
H	0.108056	B	0.22035	C	0.671594
H	0.11345	B	0.367537	C	0.519013
H	0.113583	B	0.448444	C	0.437973
H	0.103275	B	0.384811	C	0.511914
H	0.102043	B	0.246899	C	0.651058
H	0.0894851	B	0.154495	C	0.75602
H	0.118311	B	0.230289	C	0.651399
H	0.13727	B	0.425398	C	0.437331
H	0.133902	B	0.582289	C	0.283809
H	0.114709	B	0.608658	C	0.276633
H	0.079824	B	0.53272	C	0.387456
H	0.040098	B	0.315889	C	0.644013
H	0.0630965	B	0.132855	C	0.804048
H	0.148421	B	0.0479792	C	0.8036
H	0.255608	B	0.0763831	C	0.668009
H	0.292873	B	0.158279	C	0.548848
H	0.438123	B	0.293573	C	0.268304
H	0.487541	B	0.372616	C	0.139843
H	0.511089	B	0.386683	C	0.102227
H	0.544788	B	0.362558	C	0.0926535
H	0.554739	B	0.318777	C	0.126484
H	0.544026	B	0.265738	C	0.190236
H	0.555057	B	0.203425	C	0.241518
H	0.514548	B	0.176701	C	0.308751
H	0.419082	B	0.11152	C	0.469399
H	0.366027	B	0.0689916	C	0.564982
H	0.335807	B	0.0566284	C	0.607564
H	0.418692	B	0.0499234	C	0.531384
H	0.408923	B	0.0598297	C	0.531248
H	0.505438	B	0.136795	C	0.357767
H	0.483464	B	0.212182	C	0.304355
H	0.470301	B	0.242137	C	0.287561
H	0.540779	B	0.266714	C	0.192507
H	0.518486	B	0.282876	C	0.198638
H	0.469502	B	0.252404	C	0.278094
H	0.30508	B	0.170115	C	0.524806
H	0.164049	B	0.092839	C	0.743112
H	0.137529	B	0.158864	C	0.703607
H	0.11776	B	0.485595	C	0.396645
H	0.0917441	B	0.702939	C	0.205317
H	0.0714596	B	0.829292	C	0.0992485
H	0.0660353	B	0.861171	C	0.0727942
H	0.0557029	B	0.85331	C	0.0909873
H	0.0542782	B	0.77607	C	0.169652
H	0.041984	B	0.546307	C	0.411709
H	0.038018	B	0.340643	C	0.621339
H	0.0588215	B	0.295572	C	0.645607
H	0.0947731	B	0.258927	C	0.6463
H	0.266643	B	0.191399	C	0.541958
H	0.237683	B	0.157454	C	0.604863
H	0.185938	B	0.162354	C	0.651708
H	0.0842001	B	0.168843	C	0.746957
H	0.0342181	B	0.113358	C	0.852424
H	0.0780636	B	0.104752	C	0.817184
H	0.0779702	B	0.248858	C	0.673172
H	0.0944022	B	0.56749	C	0.338108
H	0.068518	B	0.69462	C	0.236862
H	0.0500737	B	0.649692	C	0.300234
H	0.0287462	B	0.467782	C	0.503472
H	0.0166851	B	0.165439	C	0.817876
H	0.0327551	B	0.0583624	C	0.908882
H	0.0593737	B	0.0412174	C	0.899409
H	0.0758156	B	0.0422513	C	0.881933
H	0.316081	B	0.0502751	C	0.633644
H	0.486687	B	0.0816676	C	0.431645
H	0.580804	B	0.08432	C	0.334876
H	0.650769	B	0.0894739	C	0.259757
H	0.795404	B	0.0795382	C	0.125058
H	0.832288	B	0.0706952	C	0.0970164
H	0.869346	B	0.0690102	C	0.0616436
H	0.890617	B	0.0662902	C	0.0430932
H	0.892354	B	0.0689967	C	0.0386494
H	0.89407	B	0.0630763	C	0.0428535
H	0.883887	B	0.0721122	C	0.0440007
H	0.869474	B	0.0848125	C	0.0457132
H	0.852131	B	0.0924704	C	0.0553983
H	0.859282	B	0.0934055	C	0.0473123
H	0.848265	B	0.0934193	C	0.0583157
H	0.842261	B	0.0767453	C	0.080994
H	0.873153	B	0.0499135	C	0.0769335
H	0.874979	B	0.049638	C	0.0753831
H	0.860098	B	0.066612	C	0.0732904
H	0.843869	B	0.0960385	C	0.0600925
H	0.797847	B	0.119651	C	0.0825023
H	0.701067	B	0.117713	C	0.181221
H	0.405157	B	0.0860027	C	0.50884
H	0.208285	B	0.0793822	C	0.712333
H	0.171386	B	0.158109	C	0.670505
H	0.162145	B	0.401743	C	0.436113
H	0.159648	B	0.62112	C	0.219233
H	0.175389	B	0.710086	C	0.114525
H	0.181226	B	0.70967	C	0.109104
H	0.179904	B	0.686625	C	0.133471
H	0.216179	B	0.589272	C	0.194549
H	0.265225	B	0.402048	C	0.332727
H	0.325536	B	0.213884	C	0.460579
H	0.457423	B	0.115842	C	0.426735
H	0.586524	B	0.0912904	C	0.322186
H	0.641428	B	0.0794237	C	0.279149
H	0.702682	B	0.0895183	C	0.2078
H	0.73349	B	0.10854	C	0.15797
H	0.781496	B	0.112056	C	0.106448
H	0.872089	B	0.0871014	C	0.0408095
H	0.894141	B	0.0749322	C	0.0309263
H	0.910579	B	0.0607506	C	0.0286703
H	0.916645	B	0.0539704	C	0.0293842
H	0.904835	B	0.0534429	C	0.0417219
H	0.866112	B	0.0558698	C	0.0780187
H	0.820936	B	0.0534048	C	0.125659
H	0.727576	B	0.0467109	C	0.225713
H	0.595571	B	0.0478116	C	0.356617
H	0.361386	B	0.0407901	C	0.597823
H	0.171096	B	0.0362525	C	0.792651
H	0.15178	B	0.0551257	C	0.793095
H	0.136783	B	0.0794394	C	0.783777
H	0.193247	B	0.107924	C	0.69883
H	0.196104	B	0.112556	C	0.69134
H	0.125119	B	0.0943151	C	0.780566
H	0.0519903	B	0.0842396	C	0.86377
H	0.0141692	B	0.0573633	C	0.928468
H	0.0913458	B	0.0276415	C	0.881013
H	0.656412	B	0.0183368	C	0.325252
H	0.744885	B	0.0415064	C	0.213609
H	0.771749	B	0.0656063	C	0.162645
H	0.698563	B	0.0856387	C	0.215799
H	0.628479	B	0.0767526	C	0.294768
H	0.377086	B	0.0617848	C	0.561129
H	0.174969	B	0.0641803	C	0.760851
H	0.142222	B	0.167276	C	0.690502
H	0.15159	B	0.599054	C	0.249356
H	0.143453	B	0.794757	C	0.0617908
H	0.140052	B	0.826916	C	0.0330319
H	0.127838	B	0.837373	C	0.0347886
H	0.12578	B	0.823458	C	0.0507615
H	0.125208	B	0.731918	C	0.142874
H	0.1201	B	0.528258	C	0.351642
H	0.109488	B	0.23558	C	0.654932
H	0.0941573	B	0.124562	C	0.78128
H	0.0573438	B	0.0827984	C	0.859858
H	0.08393	B	0.156896	C	0.759174
H	0.106313	B	0.515064	C	0.378623
H	0.11346	B	0.64011	C	0.24643
H	0.156367	B	0.63952	C	0.204112
H	0.178394	B	0.590252	C	0.231353
H	0.191712	B	0.50255	C	0.305737
H	0.262819	B	0.351989	C	0.385191
H	0.249986	B	0.225271	C	0.524744
H	0.229907	B	0.145967	C	0.624126
H	0.125462	B	0.0894827	C	0.785055
H	0.207485	B	0.0630682	C	0.729446
H	0.244701	B	0.120241	C	0.635059
H	0.211009	B	0.207778	C	0.581213
H	0.119961	B	0.341637	C	0.538401
H	0.0853258	B	0.57096	C	0.343714
H	0.0656094	B	0.733283	C	0.201108
H	0.0552481	B	0.770836	C	0.173916
H	0.0875257	B	0.706353	C	0.206121
H	0.0978359	B	0.533541	C	0.368623
H	0.115308	B	0.253833	C	0.630859
H	0.108366	B	0.0977559	C	0.793878
H	0.0824146	B	0.107806	C	0.809779
H	0.0925076	B	0.302328	C	0.605164
H	0.107486	B	0.670957	C	0.221557
H	0.13597	B	0.745002	C	0.119027
H	0.161362	B	0.714749	C	0.123889
H	0.209123	B	0.654026	C	0.13685
H	0.210654	B	0.571618	C	0.217728
H	0.217804	B	0.589699	C	0.192496
H	0.210696	B	0.672233	C	0.117071
H	0.206616	B	0.684872	C	0.108512
H	0.199419	B	0.660061	C	0.14052
H	0.175082	B	0.562128	C	0.26279
H	0.122332	B	0.317803	C	0.559865
H	0.00329641	B	0.00267731	C	0.994026
