H	0.00292424	B	0.00219667	C	0.994879
H	0.0249611	B	0.0439007	C	0.931138
H	0.187554	B	0.0528484	C	0.759598
H	0.329375	B	0.0957213	C	0.574904
H	0.384113	B	0.187263	C	0.428624
H	0.373109	B	0.305832	C	0.321059
H	0.352794	B	0.42525	C	0.221956
H	0.341912	B	0.502177	C	0.155911
H	0.337762	B	0.518383	C	0.143854
H	0.326793	B	0.460046	C	0.213161
H	0.355887	B	0.348833	C	0.29528
H	0.353705	B	0.206654	C	0.439641
H	0.338433	B	0.132745	C	0.528822
H	0.25417	B	0.120047	C	0.625783
H	0.185248	B	0.149146	C	0.665606
H	0.185913	B	0.292695	C	0.521392
H	0.147173	B	0.38052	C	0.472307
H	0.0823626	B	0.346871	C	0.570766
H	0.0925817	B	0.314947	C	0.592472
H	0.0778732	B	0.260821	C	0.661306
H	0.0901022	B	0.236012	C	0.673885
H	0.153301	B	0.22294	C	0.623759
H	0.17801	B	0.183736	C	0.638255
H	0.172378	B	0.125157	C	0.702465
H	0.114007	B	0.110374	C	0.775619
H	0.0591557	B	0.137309	C	0.803536
H	0.0414732	B	0.248766	C	0.709761
H	0.0467446	B	0.522588	C	0.430667
H	0.0449176	B	0.641786	C	0.313297
H	0.0638097	B	0.622857	C	0.313333
H	0.063638	B	0.564311	C	0.372051
H	0.0853717	B	0.458396	C	0.456233
H	0.0875349	B	0.267854	C	0.644611
H	0.122318	B	0.162226	C	0.715456
H	0.111737	B	0.119004	C	0.769258
H	0.0936173	B	0.0931451	C	0.813238
H	0.120236	B	0.112124	C	0.767639
H	0.191803	B	0.145367	C	0.66283
H	0.252512	B	0.127981	C	0.619507
H	0.25208	B	0.1169	C	0.631019
H	0.212158	B	0.144081	C	0.643761
H	0.204606	B	0.200745	C	0.594649
H	0.156999	B	0.243895	C	0.599106
H	0.132095	B	0.232433	C	0.635472
H	0.0376639	B	0.150984	C	0.811352
H	0.0790792	B	0.154646	C	0.766275
H	0.0658359	B	0.174855	C	0.759309
H	0.0560578	B	0.209458	C	0.734485
H	0.0231391	B	0.162525	C	0.814336
H	0.0461495	B	0.150431	C	0.80342
H	0.0732317	B	0.107277	C	0.819491
H	0.112812	B	0.0934708	C	0.793717
H	0.091148	B	0.0631588	C	0.845693
H	0.0693942	B	0.0556375	C	0.874968
H	0.0551044	B	0.102813	C	0.842083
H	0.0491703	B	0.144681	C	0.806148
H	0.0252963	B	0.101406	C	0.873298
H	0.0421199	B	0.0660904	C	0.89179
H	0.0698299	B	0.0628427	C	0.867327
H	0.11137	B	0.126666	C	0.761964
H	0.139804	B	0.192374	C	0.667822
H	0.155363	B	0.188284	C	0.656353
H	0.171927	B	0.153408	C	0.674664
H	0.190853	B	0.119282	C	0.689864
H	0.214371	B	0.104923	C	0.680706
H	0.18021	B	0.117565	C	0.702224
H	0.141516	B	0.129871	C	0.728613
H	0.033274	B	0.0913621	C	0.875364
H	0.0773223	B	0.0824125	C	0.840265
H	0.109245	B	0.104487	C	0.786268
H	0.332325	B	0.114788	C	0.552886
H	0.333016	B	0.147411	C	0.519573
H	0.324026	B	0.199229	C	0.476744
H	0.216518	B	0.242264	C	0.541218
H	0.170193	B	0.254341	C	0.575466
H	0.228885	B	0.226671	C	0.544444
H	0.218795	B	0.242743	C	0.538462
H	0.258936	B	0.296153	C	0.444912
H	0.245213	B	0.290685	C	0.464103
H	0.210829	B	0.219428	C	0.569743
H	0.141661	B	0.112287	C	0.746052
H	0.0559828	B	0.0702052	C	0.873812
H	0.0360518	B	0.0669593	C	0.896989
H	0.0882811	B	0.0715311	C	0.840188
H	0.185979	B	0.087653	C	0.726368
H	0.273108	B	0.174425	C	0.552467
H	0.293283	B	0.257912	C	0.448805
H	0.295721	B	0.255696	C	0.448582
H	0.252989	B	0.24181	C	0.505201
H	0.173847	B	0.224082	C	0.602071
H	0.0552255	B	0.160128	C	0.784647
H	0.0801384	B	0.135712	C	0.78415
H	0.122458	B	0.150649	C	0.726893
H	0.112513	B	0.189179	C	0.698308
H	0.0915657	B	0.243703	C	0.664732
H	0.0348102	B	0.195853	C	0.769337
H	0.0573409	B	0.115442	C	0.827217
H	0.115032	B	0.0813923	C	0.803576
H	0.135456	B	0.0901161	C	0.774428
H	0.143002	B	0.169029	C	0.687969
H	0.21324	B	0.248439	C	0.538321
H	0.463236	B	0.207835	C	0.328928
H	0.500754	B	0.203598	C	0.295648
H	0.503397	B	0.198181	C	0.298422
H	0.307905	B	0.166906	C	0.52519
H	0.113803	B	0.160002	C	0.726194
H	0.0835143	B	0.173079	C	0.743407
H	0.04593	B	0.143998	C	0.810072
H	0.0554981	B	0.121692	C	0.82281
H	0.0524734	B	0.102593	C	0.844933
H	0.200403	B	0.089533	C	0.710064
H	0.233788	B	0.127612	C	0.6386
H	0.351048	B	0.143753	C	0.505199
H	0.359251	B	0.157021	C	0.483728
H	0.405704	B	0.152886	C	0.44141
H	0.399926	B	0.139261	C	0.460813
H	0.378763	B	0.142919	C	0.478318
H	0.284522	B	0.137721	C	0.577757
H	0.190453	B	0.184685	C	0.624862
H	0.163671	B	0.283843	C	0.552486
H	0.12404	B	0.382916	C	0.493044
H	0.0823502	B	0.37438	C	0.54327
H	0.057907	B	0.317412	C	0.624681
H	0.0346472	B	0.183243	C	0.78211
H	0.112591	B	0.0971576	C	0.790252
H	0.155125	B	0.0709516	C	0.773924
H	0.158203	B	0.079732	C	0.762065
H	0.114033	B	0.144554	C	0.741413
H	0.105647	B	0.379685	C	0.514668
H	0.105214	B	0.647159	C	0.247627
H	0.113177	B	0.649207	C	0.237616
H	0.129695	B	0.579157	C	0.291148
H	0.134343	B	0.453486	C	0.412171
H	0.138475	B	0.390294	C	0.471231
H	0.137396	B	0.427237	C	0.435367
H	0.110707	B	0.420955	C	0.468339
H	0.0659892	B	0.325734	C	0.608277
H	0.028086	B	0.169717	C	0.802197
H	0.0276444	B	0.0781013	C	0.894254
H	0.0238468	B	0.0432077	C	0.932946
H	0.0452833	B	0.0368262	C	0.917891
H	0.13833	B	0.0439363	C	0.817734
H	0.216925	B	0.0870701	C	0.696005
H	0.324528	B	0.13731	C	0.538162
H	0.350055	B	0.202193	C	0.447752
H	0.427003	B	0.259072	C	0.313925
H	0.447659	B	0.285618	C	0.266723
H	0.439447	B	0.277848	C	0.282705
H	0.426742	B	0.230987	C	0.342271
H	0.299269	B	0.159954	C	0.540778
H	0.106324	B	0.0925903	C	0.801086
H	0.0272295	B	0.0866041	C	0.886166
H	0.0250194	B	0.0583127	C	0.916668
H	0.027706	B	0.0505007	C	0.921793
H	0.044621	B	0.0948562	C	0.860523
H	0.0419945	B	0.153384	C	0.804621
H	0.0539832	B	0.205289	C	0.740727
H	0.0286834	B	0.147518	C	0.823799
H	0.0360602	B	0.0991231	C	0.864817
H	0.0495733	B	0.0776827	C	0.872744
H	0.0474178	B	0.0705878	C	0.881994
H	0.186347	B	0.0701563	C	0.743496
H	0.259199	B	0.147004	C	0.593797
H	0.298649	B	0.195639	C	0.505712
H	0.275681	B	0.202579	C	0.521739
H	0.209247	B	0.227791	C	0.562962
H	0.133199	B	0.231823	C	0.634978
H	0.0332501	B	0.140371	C	0.826379
H	0.0528009	B	0.0887728	C	0.858426
H	0.0528214	B	0.0662195	C	0.880959
H	0.0357999	B	0.0700979	C	0.894102
H	0.0298381	B	0.108522	C	0.86164
H	0.0263282	B	0.104846	C	0.868826
H	0.141404	B	0.0857832	C	0.772813
H	0.171089	B	0.0939921	C	0.734919
H	0.1794	B	0.0889769	C	0.731623
H	0.159565	B	0.0917481	C	0.748687
H	0.180489	B	0.080478	C	0.739033
H	0.178893	B	0.0562104	C	0.764896
H	0.184575	B	0.0649773	C	0.750448
H	0.174902	B	0.108007	C	0.717091
H	0.212549	B	0.112451	C	0.675
H	0.413406	B	0.0554624	C	0.531132
H	0.649535	B	0.0405192	C	0.309945
H	0.774724	B	0.0610921	C	0.164184
H	0.796217	B	0.0794233	C	0.124359
H	0.778768	B	0.0847477	C	0.136484
H	0.753772	B	0.0895382	C	0.15669
H	0.704305	B	0.099299	C	0.196396
H	0.655316	B	0.108246	C	0.236439
H	0.604217	B	0.119654	C	0.276129
H	0.5364	B	0.113982	C	0.349618
H	0.454769	B	0.119093	C	0.426138
H	0.423718	B	0.113477	C	0.462806
H	0.39875	B	0.149909	C	0.451341
H	0.338031	B	0.158128	C	0.503842
H	0.273572	B	0.128572	C	0.597856
H	0.172859	B	0.0892742	C	0.737867
H	0.0331628	B	0.0533899	C	0.913447
H	0.036177	B	0.0461339	C	0.917689
H	0.0664175	B	0.0910147	C	0.842568
H	0.115614	B	0.178716	C	0.705671
H	0.113228	B	0.176849	C	0.709923
H	0.0884285	B	0.160849	C	0.750722
H	0.0735725	B	0.144827	C	0.781601
H	0.0553117	B	0.113516	C	0.831172
H	0.0739497	B	0.11867	C	0.80738
H	0.0678733	B	0.184372	C	0.747754
H	0.0568762	B	0.200209	C	0.742915
H	0.0287086	B	0.121128	C	0.850163
H	0.0480038	B	0.0735134	C	0.878483
H	0.0621879	B	0.0567978	C	0.881014
H	0.10682	B	0.0992487	C	0.793932
H	0.291384	B	0.172901	C	0.535716
H	0.304219	B	0.216274	C	0.479507
H	0.324489	B	0.246359	C	0.429152
H	0.270884	B	0.247339	C	0.481777
H	0.254304	B	0.177411	C	0.568286
H	0.283821	B	0.111942	C	0.604236
H	0.285944	B	0.081735	C	0.632322
H	0.245567	B	0.0979981	C	0.656435
H	0.203493	B	0.114782	C	0.681725
H	0.211035	B	0.131775	C	0.65719
H	0.173823	B	0.12049	C	0.705687
H	0.174705	B	0.101624	C	0.723671
H	0.109972	B	0.093618	C	0.79641
H	0.0323035	B	0.055599	C	0.912098
H	0.134918	B	0.0430322	C	0.82205
H	0.112258	B	0.0440294	C	0.843713
H	0.0993997	B	0.0411875	C	0.859413
H	0.0217483	B	0.0427237	C	0.935528
H	0.0266459	B	0.0331433	C	0.940211
H	0.0997658	B	0.031727	C	0.868507
H	0.142152	B	0.0531386	C	0.804709
H	0.146579	B	0.0983845	C	0.755037
H	0.0727678	B	0.134653	C	0.792579
H	0.0320206	B	0.11333	C	0.854649
H	0.207991	B	0.0905119	C	0.701497
H	0.237634	B	0.0640437	C	0.698322
H	0.231635	B	0.0688995	C	0.699466
H	0.131644	B	0.0522121	C	0.816143
H	0.033419	B	0.0444517	C	0.922129
H	0.0218291	B	0.0625037	C	0.915667
H	0.0469174	B	0.0481759	C	0.904907
H	0.280765	B	0.0427978	C	0.676438
H	0.431897	B	0.0805753	C	0.487528
H	0.491061	B	0.113689	C	0.39525
H	0.535986	B	0.138887	C	0.325127
H	0.546587	B	0.159069	C	0.294344
H	0.531771	B	0.172654	C	0.295575
H	0.507821	B	0.16987	C	0.322309
H	0.437086	B	0.15058	C	0.412334
H	0.331137	B	0.155711	C	0.513153
H	0.220296	B	0.164071	C	0.615633
H	0.0538665	B	0.127935	C	0.818199
H	0.0402222	B	0.0741522	C	0.885626
H	0.0286158	B	0.0743498	C	0.897034
H	0.03172	B	0.127003	C	0.841277
H	0.062332	B	0.130598	C	0.80707
H	0.142062	B	0.11692	C	0.741018
H	0.146993	B	0.123405	C	0.729602
H	0.081077	B	0.142676	C	0.776247
H	0.0507298	B	0.198703	C	0.750568
H	0.0308684	B	0.24667	C	0.722462
H	0.0286095	B	0.236807	C	0.734584
H	0.0452234	B	0.216597	C	0.73818
H	0.0782257	B	0.200239	C	0.721536
H	0.314706	B	0.242014	C	0.44328
H	0.347468	B	0.264937	C	0.387595
H	0.371901	B	0.296741	C	0.331358
H	0.332868	B	0.320642	C	0.346489
H	0.30779	B	0.313511	C	0.378699
H	0.273065	B	0.311384	C	0.415551
H	0.21849	B	0.311752	C	0.469758
H	0.194612	B	0.292111	C	0.513278
H	0.147543	B	0.269825	C	0.582633
H	0.118971	B	0.288344	C	0.592685
H	0.0376738	B	0.244935	C	0.717391
H	0.0422825	B	0.18794	C	0.769777
H	0.0570562	B	0.129083	C	0.813861
H	0.059723	B	0.12336	C	0.816917
H	0.028424	B	0.086549	C	0.885027
H	0.0302375	B	0.0550277	C	0.914735
H	0.0323532	B	0.0467884	C	0.920858
H	0.0477565	B	0.0672399	C	0.885004
H	0.0825647	B	0.0968431	C	0.820592
H	0.127184	B	0.256345	C	0.616471
H	0.176111	B	0.319406	C	0.504483
H	0.159295	B	0.320014	C	0.52069
H	0.164404	B	0.34124	C	0.494356
H	0.144064	B	0.303983	C	0.551953
H	0.110858	B	0.232964	C	0.656178
H	0.0794898	B	0.143909	C	0.776601
H	0.0626062	B	0.133392	C	0.804002
H	0.0525402	B	0.144723	C	0.802737
H	0.0343831	B	0.121624	C	0.843993
H	0.0388098	B	0.190765	C	0.770426
H	0.0446236	B	0.494548	C	0.460828
H	0.0370946	B	0.669152	C	0.293754
H	0.0332017	B	0.773674	C	0.193124
H	0.0272571	B	0.844859	C	0.127884
H	0.0243765	B	0.880275	C	0.0953485
H	0.0232356	B	0.894651	C	0.0821129
H	0.0243969	B	0.884518	C	0.091085
H	0.0248985	B	0.838443	C	0.136659
H	0.0268413	B	0.698991	C	0.274168
H	0.0268721	B	0.325059	C	0.648069
H	0.161338	B	0.167313	C	0.671349
H	0.202993	B	0.118327	C	0.67868
H	0.279765	B	0.172629	C	0.547607
H	0.306261	B	0.199587	C	0.494152
H	0.414129	B	0.193768	C	0.392103
H	0.439072	B	0.178306	C	0.382623
H	0.435492	B	0.170937	C	0.39357
H	0.408056	B	0.154367	C	0.437577
H	0.36694	B	0.14639	C	0.48667
H	0.391312	B	0.1346	C	0.474088
H	0.529263	B	0.122062	C	0.348674
H	0.531126	B	0.142195	C	0.326678
H	0.522582	B	0.156664	C	0.320754
H	0.434118	B	0.160781	C	0.405101
H	0.328681	B	0.179992	C	0.491326
H	0.322606	B	0.245954	C	0.43144
H	0.272837	B	0.294381	C	0.432782
H	0.19545	B	0.268155	C	0.536395
H	0.0531976	B	0.2026	C	0.744202
H	0.0375508	B	0.112238	C	0.850212
H	0.0268065	B	0.058839	C	0.914354
H	0.0271977	B	0.0617014	C	0.911101
H	0.0366216	B	0.0602306	C	0.903148
H	0.0344956	B	0.0584875	C	0.907017
H	0.0477935	B	0.0896475	C	0.862559
H	0.0440346	B	0.0934077	C	0.862558
H	0.15927	B	0.0897228	C	0.751008
H	0.194842	B	0.140569	C	0.664589
H	0.183448	B	0.154013	C	0.662539
H	0.132085	B	0.161312	C	0.706603
H	0.0671947	B	0.125472	C	0.807333
H	0.108393	B	0.102588	C	0.789018
H	0.139132	B	0.146887	C	0.713981
H	0.178536	B	0.144231	C	0.677234
H	0.156562	B	0.114024	C	0.729415
H	0.212606	B	0.12619	C	0.661203
H	0.20404	B	0.135459	C	0.660501
H	0.240895	B	0.128988	C	0.630117
H	0.250605	B	0.156282	C	0.593113
H	0.280279	B	0.168279	C	0.551443
H	0.208413	B	0.138023	C	0.653564
H	0.11716	B	0.123601	C	0.759239
H	0.0209942	B	0.0817236	C	0.897282
H	0.0213401	B	0.0692043	C	0.909456
H	0.0246658	B	0.0586373	C	0.916697
H	0.128609	B	0.0490659	C	0.822325
H	0.168795	B	0.0544048	C	0.7768
H	0.179679	B	0.0713156	C	0.749006
H	0.123001	B	0.105417	C	0.771581
H	0.0465398	B	0.108305	C	0.845155
H	0.140778	B	0.100707	C	0.758515
H	0.149618	B	0.12197	C	0.728413
H	0.150635	B	0.136452	C	0.712913
H	0.0528764	B	0.108058	C	0.839065
H	0.0631903	B	0.0841246	C	0.852685
H	0.0498506	B	0.0629659	C	0.887184
H	0.0274143	B	0.0600152	C	0.912571
H	0.0260853	B	0.118927	C	0.854988
H	0.0432346	B	0.217454	C	0.739311
H	0.11237	B	0.269793	C	0.617837
H	0.13194	B	0.26145	C	0.606609
H	0.155912	B	0.261381	C	0.582708
H	0.149485	B	0.20879	C	0.641725
H	0.206146	B	0.176416	C	0.617437
H	0.253686	B	0.270905	C	0.475409
H	0.262034	B	0.357226	C	0.38074
H	0.251584	B	0.411662	C	0.336753
H	0.247535	B	0.491382	C	0.261083
H	0.24022	B	0.54789	C	0.21189
H	0.221435	B	0.573431	C	0.205134
H	0.195495	B	0.553573	C	0.250932
H	0.157392	B	0.485068	C	0.35754
H	0.132286	B	0.362881	C	0.504833
H	0.11076	B	0.22996	C	0.65928
H	0.104548	B	0.152591	C	0.74286
H	0.0690738	B	0.0823835	C	0.848543
H	0.0474172	B	0.0755812	C	0.877002
H	0.0453108	B	0.117597	C	0.837092
H	0.0557252	B	0.12875	C	0.815524
H	0.113519	B	0.120817	C	0.765664
H	0.196826	B	0.08128	C	0.721894
H	0.269627	B	0.0677736	C	0.6626
H	0.342216	B	0.0994851	C	0.558299
H	0.364272	B	0.155158	C	0.48057
H	0.340013	B	0.175984	C	0.484004
H	0.328329	B	0.194459	C	0.477212
H	0.332592	B	0.201884	C	0.465524
H	0.330733	B	0.169368	C	0.499899
H	0.371785	B	0.148498	C	0.479716
H	0.51014	B	0.130626	C	0.359235
H	0.536903	B	0.105681	C	0.357416
H	0.565244	B	0.10454	C	0.330216
H	0.591869	B	0.110794	C	0.297337
H	0.590335	B	0.1359	C	0.273765
H	0.59036	B	0.151741	C	0.257899
H	0.514225	B	0.124002	C	0.361774
H	0.353409	B	0.10459	C	0.542
H	0.216076	B	0.0840315	C	0.699892
H	0.0491153	B	0.0884234	C	0.862461
H	0.0643744	B	0.108764	C	0.826861
H	0.0636785	B	0.165077	C	0.771244
H	0.063744	B	0.198109	C	0.738147
H	0.0318284	B	0.134247	C	0.833924
H	0.0534768	B	0.103969	C	0.842555
H	0.0425892	B	0.126866	C	0.830545
H	0.018886	B	0.109141	C	0.871973
H	0.0169696	B	0.09036	C	0.89267
H	0.0170379	B	0.0729527	C	0.910009
H	0.0291994	B	0.060504	C	0.910297
H	0.0331719	B	0.0516847	C	0.915143
H	0.0452458	B	0.0744576	C	0.880297
H	0.0443061	B	0.0997239	C	0.85597
H	0.0329041	B	0.0894531	C	0.877643
H	0.0800478	B	0.138772	C	0.78118
H	0.077502	B	0.236732	C	0.685766
H	0.0567648	B	0.286705	C	0.65653
H	0.0226195	B	0.210495	C	0.766886
H	0.0260915	B	0.143925	C	0.829983
H	0.0316326	B	0.0963886	C	0.871979
H	0.0292942	B	0.0877174	C	0.882988
H	0.0911601	B	0.115412	C	0.793428
H	0.093363	B	0.211162	C	0.695475
H	0.0707373	B	0.275546	C	0.653717
H	0.0191772	B	0.194197	C	0.786625
H	0.0184123	B	0.14105	C	0.840538
H	0.0150265	B	0.0816058	C	0.903368
H	0.0172453	B	0.0499466	C	0.932808
H	0.0228741	B	0.046607	C	0.930519
H	0.0261168	B	0.059426	C	0.914457
H	0.0214371	B	0.0694305	C	0.909132
H	0.0824453	B	0.0960682	C	0.821486
H	0.0842299	B	0.242308	C	0.673462
H	0.0968581	B	0.430753	C	0.472389
H	0.0616151	B	0.555295	C	0.38309
H	0.0509564	B	0.61848	C	0.330564
H	0.0460451	B	0.674986	C	0.278969
H	0.0447706	B	0.661777	C	0.293452
H	0.0441824	B	0.624773	C	0.331044
H	0.0426514	B	0.517258	C	0.440091
H	0.0522264	B	0.386822	C	0.560952
H	0.0619004	B	0.273697	C	0.664403
H	0.0774426	B	0.158193	C	0.764364
H	0.109556	B	0.15599	C	0.734454
H	0.1428	B	0.149463	C	0.707737
H	0.173803	B	0.148177	C	0.67802
H	0.198411	B	0.24274	C	0.558849
H	0.22122	B	0.413924	C	0.364857
H	0.217032	B	0.537229	C	0.24574
H	0.179647	B	0.596447	C	0.223905
H	0.145904	B	0.648494	C	0.205601
H	0.131564	B	0.610094	C	0.258341
H	0.0885308	B	0.49123	C	0.420239
H	0.0587687	B	0.267478	C	0.673753
H	0.0623997	B	0.172325	C	0.765275
H	0.0515777	B	0.116667	C	0.831755
H	0.0432541	B	0.13485	C	0.821896
H	0.0378825	B	0.339619	C	0.622499
H	0.0369987	B	0.581208	C	0.381793
H	0.0410156	B	0.702066	C	0.256918
H	0.0354851	B	0.700416	C	0.264099
H	0.0308878	B	0.593291	C	0.375821
H	0.0234207	B	0.348677	C	0.627902
H	0.0491519	B	0.226437	C	0.724411
H	0.0724969	B	0.145094	C	0.782409
H	0.0636537	B	0.126797	C	0.80955
H	0.0447394	B	0.139101	C	0.816159
H	0.0228061	B	0.0996918	C	0.877502
H	0.02372	B	0.0527973	C	0.923483
H	0.0789866	B	0.036854	C	0.884159
H	0.100777	B	0.0532076	C	0.846016
H	0.156365	B	0.110185	C	0.73345
H	0.144853	B	0.175442	C	0.679704
H	0.124361	B	0.191564	C	0.684074
H	0.141771	B	0.258211	C	0.600018
H	0.137526	B	0.294125	C	0.568348
H	0.131362	B	0.279295	C	0.589343
H	0.1435	B	0.327189	C	0.529311
H	0.112666	B	0.377223	C	0.51011
H	0.0804123	B	0.419571	C	0.500016
H	0.0322441	B	0.312018	C	0.655738
H	0.041236	B	0.233784	C	0.72498
H	0.0597816	B	0.161729	C	0.77849
H	0.0598684	B	0.142593	C	0.797538
H	0.0226382	B	0.0852584	C	0.892103
H	0.0199532	B	0.0476152	C	0.932432
H	0.0225099	B	0.0410075	C	0.936483
H	0.0253696	B	0.0419325	C	0.932698
H	0.0286969	B	0.0443315	C	0.926972
H	0.0275978	B	0.0630518	C	0.90935
H	0.0190794	B	0.0591471	C	0.921773
H	0.0207495	B	0.0362677	C	0.942983
H	0.050339	B	0.0345248	C	0.915136
H	0.0708594	B	0.0438314	C	0.885309
H	0.0604958	B	0.0490771	C	0.890427
H	0.0272282	B	0.0503115	C	0.92246
H	0.0211753	B	0.0772996	C	0.901525
H	0.0202897	B	0.0571184	C	0.922592
H	0.0496607	B	0.0485703	C	0.901769
H	0.0853377	B	0.0780418	C	0.836621
H	0.106586	B	0.0922368	C	0.801177
H	0.0799384	B	0.0900133	C	0.830048
H	0.0710105	B	0.133004	C	0.795985
H	0.0926708	B	0.212574	C	0.694756
H	0.0799041	B	0.203353	C	0.716743
H	0.0563153	B	0.20711	C	0.736574
H	0.0431859	B	0.279849	C	0.676965
H	0.0315566	B	0.259693	C	0.70875
H	0.0206683	B	0.153085	C	0.826246
H	0.0246416	B	0.0806055	C	0.894753
H	0.0227757	B	0.0614098	C	0.915814
H	0.0218066	B	0.0810144	C	0.897179
H	0.0233958	B	0.0750545	C	0.90155
H	0.0202256	B	0.0630514	C	0.916723
H	0.0213337	B	0.0917248	C	0.886941
H	0.0498888	B	0.0870797	C	0.863032
H	0.0571677	B	0.0800911	C	0.862741
H	0.0918746	B	0.138895	C	0.769231
H	0.102575	B	0.191183	C	0.706242
H	0.0728763	B	0.194363	C	0.732761
H	0.0464346	B	0.182286	C	0.771279
H	0.0207319	B	0.125668	C	0.8536
H	0.0277766	B	0.0946641	C	0.877559
H	0.0268055	B	0.0987083	C	0.874486
H	0.017708	B	0.0930839	C	0.889208
H	0.0153653	B	0.0725288	C	0.912106
H	0.0147003	B	0.0529832	C	0.932316
H	0.016879	B	0.0394639	C	0.943657
H	0.0312142	B	0.043401	C	0.925385
H	0.0396382	B	0.0769776	C	0.883384
H	0.0387472	B	0.101465	C	0.859788
H	0.0209992	B	0.0906371	C	0.888364
H	0.0305987	B	0.116247	C	0.853155
H	0.0277688	B	0.275403	C	0.696828
H	0.0237017	B	0.615251	C	0.361048
H	0.016145	B	0.837899	C	0.145956
H	0.0147979	B	0.922145	C	0.0630572
H	0.0147108	B	0.943785	C	0.0415041
H	0.0155939	B	0.905285	C	0.0791207
H	0.0149235	B	0.718416	C	0.26666
H	0.0128884	B	0.280929	C	0.706182
H	0.0183484	B	0.0895616	C	0.89209
H	0.0261546	B	0.047691	C	0.926154
H	0.0328816	B	0.0560136	C	0.911105
H	0.0276016	B	0.0534231	C	0.918975
H	0.307386	B	0.0443637	C	0.64825
H	0.377386	B	0.0500805	C	0.572533
H	0.423887	B	0.0790126	C	0.4971
H	0.398419	B	0.125405	C	0.476176
H	0.377977	B	0.183373	C	0.43865
H	0.38345	B	0.219854	C	0.396695
H	0.366146	B	0.273572	C	0.360282
H	0.340265	B	0.270136	C	0.389599
H	0.273371	B	0.24782	C	0.47881
H	0.184659	B	0.229446	C	0.585895
H	0.0348626	B	0.131662	C	0.833475
H	0.0248125	B	0.118031	C	0.857156
H	0.0200309	B	0.127015	C	0.852954
H	0.0289099	B	0.123662	C	0.847428
H	0.0870128	B	0.0885322	C	0.824455
H	0.178362	B	0.0725476	C	0.749091
H	0.214586	B	0.0861062	C	0.699308
H	0.340982	B	0.145884	C	0.513134
H	0.333697	B	0.199963	C	0.46634
H	0.315239	B	0.251348	C	0.433414
H	0.278894	B	0.311317	C	0.409788
H	0.28564	B	0.350185	C	0.364175
H	0.284404	B	0.341211	C	0.374385
H	0.255587	B	0.360515	C	0.383898
H	0.191306	B	0.34935	C	0.459343
H	0.107126	B	0.261052	C	0.631822
H	0.108833	B	0.258923	C	0.632245
H	0.165294	B	0.292913	C	0.541792
H	0.19534	B	0.287624	C	0.517036
H	0.199818	B	0.28503	C	0.515152
H	0.193211	B	0.303606	C	0.503183
H	0.158875	B	0.337746	C	0.503379
H	0.104963	B	0.350693	C	0.544344
H	0.0258744	B	0.198049	C	0.776077
H	0.027135	B	0.101799	C	0.871066
H	0.0295151	B	0.06884	C	0.901645
H	0.0354157	B	0.100276	C	0.864308
H	0.0347497	B	0.236436	C	0.728814
H	0.0394005	B	0.651004	C	0.309596
H	0.026253	B	0.853477	C	0.12027
H	0.0235861	B	0.913015	C	0.063399
H	0.0224802	B	0.9229	C	0.0546199
H	0.0276395	B	0.856509	C	0.115852
H	0.0377215	B	0.654982	C	0.307296
H	0.0514049	B	0.483628	C	0.464967
H	0.0706396	B	0.494783	C	0.434577
H	0.0613094	B	0.445868	C	0.492822
H	0.0709757	B	0.354258	C	0.574766
H	0.208019	B	0.304397	C	0.487585
H	0.238536	B	0.310016	C	0.451448
H	0.227911	B	0.338279	C	0.43381
H	0.190423	B	0.40795	C	0.401627
H	0.197795	B	0.431767	C	0.370438
H	0.196992	B	0.392846	C	0.410161
H	0.176577	B	0.361594	C	0.461829
H	0.114948	B	0.293195	C	0.591857
H	0.0526114	B	0.177137	C	0.770252
H	0.0685033	B	0.18747	C	0.744027
H	0.138041	B	0.222409	C	0.639551
H	0.134072	B	0.193173	C	0.672755
H	0.126169	B	0.307176	C	0.566655
H	0.0830948	B	0.534637	C	0.382268
H	0.0586184	B	0.631978	C	0.309403
H	0.0395794	B	0.645	C	0.31542
H	0.016495	B	0.416789	C	0.566716
H	0.0170647	B	0.192761	C	0.790174
H	0.0178028	B	0.094073	C	0.888124
H	0.0179766	B	0.112456	C	0.869568
H	0.0134705	B	0.231703	C	0.754826
H	0.0132144	B	0.645128	C	0.341658
H	0.0118264	B	0.880294	C	0.10788
H	0.0107682	B	0.938223	C	0.0510088
H	0.0117463	B	0.954711	C	0.0335422
H	0.0117532	B	0.93574	C	0.0525065
H	0.0129029	B	0.838606	C	0.148491
H	0.0130051	B	0.542455	C	0.44454
H	0.0312377	B	0.407297	C	0.561466
H	0.0579624	B	0.336674	C	0.605364
H	0.0844178	B	0.264119	C	0.651463
H	0.253217	B	0.24543	C	0.501352
H	0.27212	B	0.316216	C	0.411664
H	0.252986	B	0.408344	C	0.33867
H	0.191183	B	0.459341	C	0.349476
H	0.183402	B	0.453426	C	0.363171
H	0.169749	B	0.38401	C	0.446241
H	0.151859	B	0.339323	C	0.508818
H	0.125063	B	0.29389	C	0.581047
H	0.0909467	B	0.245498	C	0.663556
H	0.0938819	B	0.335675	C	0.570443
H	0.090676	B	0.42634	C	0.482984
H	0.0793459	B	0.410792	C	0.509862
H	0.0671766	B	0.459259	C	0.473565
H	0.0529333	B	0.598661	C	0.348406
H	0.0362367	B	0.619399	C	0.344364
H	0.0232803	B	0.517906	C	0.458813
H	0.0142747	B	0.240555	C	0.745171
H	0.0178096	B	0.099882	C	0.882308
H	0.0206809	B	0.0551089	C	0.92421
H	0.0229797	B	0.100232	C	0.876788
H	0.0202956	B	0.262405	C	0.717299
H	0.0211133	B	0.691985	C	0.286902
H	0.0174283	B	0.844744	C	0.137828
H	0.0168207	B	0.864755	C	0.118424
H	0.019947	B	0.815866	C	0.164187
H	0.0304353	B	0.660444	C	0.30912
H	0.101914	B	0.422584	C	0.475502
H	0.144239	B	0.306278	C	0.549483
H	0.17157	B	0.344155	C	0.484275
H	0.165206	B	0.314118	C	0.520676
H	0.185411	B	0.240654	C	0.573935
H	0.448508	B	0.174846	C	0.376647
H	0.504888	B	0.151793	C	0.343319
H	0.543724	B	0.153399	C	0.302877
H	0.50171	B	0.223367	C	0.274922
H	0.453455	B	0.301506	C	0.245039
H	0.43009	B	0.306567	C	0.263343
H	0.380377	B	0.287835	C	0.331789
H	0.328758	B	0.314534	C	0.356709
H	0.233196	B	0.329691	C	0.437113
H	0.140501	B	0.291798	C	0.567701
H	0.124218	B	0.303089	C	0.572693
H	0.162836	B	0.313565	C	0.523599
H	0.147831	B	0.25098	C	0.601189
H	0.136344	B	0.292604	C	0.571052
H	0.0802404	B	0.473069	C	0.44669
H	0.0514834	B	0.547269	C	0.401247
H	0.0287281	B	0.528993	C	0.442279
H	0.0135318	B	0.330912	C	0.655556
H	0.0154815	B	0.153583	C	0.830936
H	0.0167336	B	0.0497967	C	0.93347
H	0.0203208	B	0.0507683	C	0.928911
H	0.0178666	B	0.0516047	C	0.930529
H	0.00279154	B	0.00200267	C	0.995206
