H	0.00323965	B	0.00194057	C	0.99482
H	0.0710574	B	0.119671	C	0.809272
H	0.0834195	B	0.0786568	C	0.837924
H	0.10904	B	0.0428631	C	0.848097
H	0.134321	B	0.0211514	C	0.844528
H	0.270244	B	0.0211764	C	0.708579
H	0.312775	B	0.0543305	C	0.632895
H	0.456288	B	0.144737	C	0.398974
H	0.542544	B	0.157352	C	0.300104
H	0.582848	B	0.122075	C	0.295077
H	0.635973	B	0.0836463	C	0.280381
H	0.782391	B	0.0466376	C	0.170972
H	0.817114	B	0.0368463	C	0.14604
H	0.836231	B	0.0305085	C	0.133261
H	0.855147	B	0.0340869	C	0.110766
H	0.82201	B	0.0523895	C	0.125601
H	0.768282	B	0.0763981	C	0.15532
H	0.680856	B	0.102731	C	0.216413
H	0.476868	B	0.141758	C	0.381374
H	0.298508	B	0.173448	C	0.528044
H	0.207271	B	0.19359	C	0.599139
H	0.134191	B	0.16901	C	0.696799
H	0.110718	B	0.16338	C	0.725902
H	0.117645	B	0.187615	C	0.69474
H	0.0964631	B	0.145729	C	0.757808
H	0.0992188	B	0.135855	C	0.764927
H	0.076667	B	0.148016	C	0.775317
H	0.0805558	B	0.21045	C	0.708994
H	0.0937125	B	0.237299	C	0.668989
H	0.113938	B	0.206115	C	0.679947
H	0.143032	B	0.147108	C	0.70986
H	0.207839	B	0.132146	C	0.660015
H	0.203434	B	0.159759	C	0.636808
H	0.180849	B	0.24078	C	0.578371
H	0.133238	B	0.405415	C	0.461347
H	0.112154	B	0.508295	C	0.379551
H	0.121135	B	0.618707	C	0.260158
H	0.119288	B	0.662868	C	0.217844
H	0.113463	B	0.609706	C	0.276831
H	0.109494	B	0.49309	C	0.397416
H	0.101887	B	0.348143	C	0.549969
H	0.0803039	B	0.254572	C	0.665124
H	0.0916373	B	0.3216	C	0.586763
H	0.0793635	B	0.264924	C	0.655712
H	0.0876217	B	0.146089	C	0.766289
H	0.0905798	B	0.0836945	C	0.825726
H	0.0925911	B	0.0684243	C	0.838985
H	0.0861373	B	0.0667084	C	0.847154
H	0.0816889	B	0.0766353	C	0.841676
H	0.088753	B	0.0930426	C	0.818204
H	0.121162	B	0.121626	C	0.757212
H	0.150789	B	0.128162	C	0.721049
H	0.162933	B	0.110678	C	0.726389
H	0.156289	B	0.0790728	C	0.764638
H	0.174559	B	0.0704026	C	0.755039
H	0.192586	B	0.0926079	C	0.714806
H	0.214268	B	0.174451	C	0.611281
H	0.23418	B	0.256644	C	0.509175
H	0.221503	B	0.264658	C	0.513839
H	0.18289	B	0.203543	C	0.613567
H	0.137351	B	0.113178	C	0.749471
H	0.11953	B	0.0843983	C	0.796072
H	0.104673	B	0.0886761	C	0.806651
H	0.0895404	B	0.0934405	C	0.817019
H	0.100074	B	0.141705	C	0.758221
H	0.0869463	B	0.123356	C	0.789698
H	0.111289	B	0.0943312	C	0.79438
H	0.134439	B	0.127064	C	0.738497
H	0.162026	B	0.138519	C	0.699455
H	0.144668	B	0.0838523	C	0.77148
H	0.187383	B	0.0484772	C	0.76414
H	0.239876	B	0.0400134	C	0.720111
H	0.295719	B	0.0325744	C	0.671707
H	0.613481	B	0.0263741	C	0.360145
H	0.680026	B	0.0266392	C	0.293334
H	0.740236	B	0.0306404	C	0.229123
H	0.829236	B	0.0368079	C	0.133957
H	0.857688	B	0.0333003	C	0.109011
H	0.875332	B	0.0264578	C	0.0982103
H	0.910366	B	0.0212631	C	0.0683704
H	0.937903	B	0.0202532	C	0.0418439
H	0.935399	B	0.0194063	C	0.0451951
H	0.922058	B	0.0175382	C	0.0604035
H	0.898623	B	0.016439	C	0.0849378
H	0.903485	B	0.0198657	C	0.0766497
H	0.878443	B	0.0234155	C	0.0981415
H	0.851395	B	0.03039	C	0.118215
H	0.810072	B	0.0353887	C	0.154539
H	0.758443	B	0.0462046	C	0.195352
H	0.701946	B	0.0577062	C	0.240348
H	0.613617	B	0.0666283	C	0.319755
H	0.475326	B	0.059852	C	0.464822
H	0.349057	B	0.0554641	C	0.595479
H	0.281829	B	0.0717026	C	0.646469
H	0.268248	B	0.0998192	C	0.631933
H	0.368065	B	0.179187	C	0.452748
H	0.403787	B	0.232341	C	0.363872
H	0.468528	B	0.24282	C	0.288651
H	0.65493	B	0.188285	C	0.156786
H	0.697319	B	0.168347	C	0.134334
H	0.718147	B	0.16436	C	0.117493
H	0.738933	B	0.1543	C	0.106767
H	0.748722	B	0.142478	C	0.1088
H	0.746495	B	0.134191	C	0.119314
H	0.736744	B	0.113798	C	0.149458
H	0.677046	B	0.0994671	C	0.223487
H	0.543054	B	0.0806177	C	0.376328
H	0.361273	B	0.0746153	C	0.564111
H	0.0575091	B	0.0594807	C	0.88301
H	0.0982376	B	0.0635881	C	0.838174
H	0.137686	B	0.102161	C	0.760153
H	0.138467	B	0.149007	C	0.712526
H	0.118571	B	0.26732	C	0.614109
H	0.0955186	B	0.503862	C	0.400619
H	0.0959715	B	0.683482	C	0.220547
H	0.106781	B	0.699727	C	0.193492
H	0.0967145	B	0.646433	C	0.256852
H	0.0815367	B	0.529926	C	0.388538
H	0.0943417	B	0.360043	C	0.545616
H	0.0938578	B	0.217886	C	0.688256
H	0.0969793	B	0.145788	C	0.757233
H	0.0718797	B	0.0676572	C	0.860463
H	0.155214	B	0.0414542	C	0.803332
H	0.200602	B	0.0335957	C	0.765802
H	0.360049	B	0.0572603	C	0.58269
H	0.420666	B	0.172962	C	0.406371
H	0.479174	B	0.350316	C	0.170509
H	0.503623	B	0.442617	C	0.0537605
H	0.512153	B	0.456135	C	0.0317116
H	0.507635	B	0.467699	C	0.0246661
H	0.526333	B	0.444356	C	0.0293112
H	0.542425	B	0.389445	C	0.0681301
H	0.533332	B	0.281323	C	0.185345
H	0.531262	B	0.168959	C	0.299779
H	0.341263	B	0.110051	C	0.548685
H	0.141995	B	0.0949361	C	0.763069
H	0.119361	B	0.148192	C	0.732447
H	0.120744	B	0.312334	C	0.566922
H	0.13365	B	0.423859	C	0.442491
H	0.120072	B	0.448835	C	0.431092
H	0.127946	B	0.666559	C	0.205496
H	0.107533	B	0.778357	C	0.11411
H	0.107024	B	0.800299	C	0.0926774
H	0.0979367	B	0.763994	C	0.138069
H	0.0973165	B	0.658404	C	0.24428
H	0.111666	B	0.447061	C	0.441273
H	0.118739	B	0.266204	C	0.615057
H	0.171572	B	0.133179	C	0.695249
H	0.182951	B	0.0849516	C	0.732098
H	0.222315	B	0.103941	C	0.673744
H	0.182102	B	0.127612	C	0.690286
H	0.119506	B	0.132583	C	0.74791
H	0.0803809	B	0.0729866	C	0.846632
H	0.179422	B	0.0933931	C	0.727184
H	0.237483	B	0.29476	C	0.467757
H	0.231421	B	0.469892	C	0.298688
H	0.170037	B	0.534417	C	0.295546
H	0.103385	B	0.546939	C	0.349675
H	0.0519642	B	0.408084	C	0.539952
H	0.0237483	B	0.134261	C	0.841991
H	0.218592	B	0.0418821	C	0.739526
H	0.252677	B	0.0332785	C	0.714044
H	0.252877	B	0.0592965	C	0.687826
H	0.253692	B	0.118459	C	0.627849
H	0.373183	B	0.143217	C	0.4836
H	0.489663	B	0.157785	C	0.352552
H	0.563183	B	0.226057	C	0.21076
H	0.598705	B	0.245837	C	0.155457
H	0.584113	B	0.219692	C	0.196196
H	0.491586	B	0.159411	C	0.349003
H	0.256622	B	0.0771506	C	0.666228
H	0.121867	B	0.0422844	C	0.835849
H	0.174225	B	0.0506509	C	0.775124
H	0.179965	B	0.0659229	C	0.754113
H	0.262026	B	0.115344	C	0.62263
H	0.315572	B	0.191683	C	0.492745
H	0.357794	B	0.22901	C	0.413196
H	0.557281	B	0.225034	C	0.217685
H	0.609689	B	0.169561	C	0.22075
H	0.636573	B	0.0937259	C	0.269701
H	0.654149	B	0.0386303	C	0.307221
H	0.78997	B	0.024951	C	0.185079
H	0.869674	B	0.0422801	C	0.0880462
H	0.895799	B	0.0658474	C	0.0383534
H	0.919176	B	0.0549609	C	0.0258635
H	0.926929	B	0.0494832	C	0.0235878
H	0.925756	B	0.0492906	C	0.0249531
H	0.923848	B	0.046305	C	0.0298467
H	0.913026	B	0.0406598	C	0.0463145
H	0.888935	B	0.0299691	C	0.0810962
H	0.88551	B	0.025891	C	0.0885987
H	0.858046	B	0.0319904	C	0.109963
H	0.794423	B	0.0410537	C	0.164523
H	0.734005	B	0.0357771	C	0.230218
H	0.598475	B	0.034662	C	0.366863
H	0.293282	B	0.0319632	C	0.674755
H	0.0335313	B	0.0241212	C	0.942348
H	0.0262176	B	0.0443503	C	0.929432
H	0.0708491	B	0.18826	C	0.740891
H	0.10919	B	0.511831	C	0.378979
H	0.102272	B	0.585925	C	0.311803
H	0.0988397	B	0.534101	C	0.367059
H	0.150934	B	0.363586	C	0.48548
H	0.23115	B	0.161078	C	0.607772
H	0.264284	B	0.0819918	C	0.653724
H	0.3863	B	0.0727696	C	0.54093
H	0.367956	B	0.0611081	C	0.570936
H	0.374968	B	0.0454522	C	0.57958
H	0.512161	B	0.0422304	C	0.445609
H	0.517145	B	0.0540079	C	0.428847
H	0.529926	B	0.0968295	C	0.373244
H	0.523018	B	0.151601	C	0.32538
H	0.539677	B	0.203103	C	0.25722
H	0.582854	B	0.298825	C	0.118321
H	0.577173	B	0.36164	C	0.0611874
H	0.560503	B	0.383651	C	0.0558455
H	0.523391	B	0.402279	C	0.0743307
H	0.461498	B	0.401591	C	0.13691
H	0.38179	B	0.321438	C	0.296772
H	0.294944	B	0.185992	C	0.519065
H	0.157122	B	0.0696988	C	0.773179
H	0.0560087	B	0.0381899	C	0.905801
H	0.0951871	B	0.0664056	C	0.838407
H	0.248507	B	0.0940179	C	0.657475
H	0.311436	B	0.128141	C	0.560422
H	0.412826	B	0.212244	C	0.37493
H	0.478828	B	0.221324	C	0.299848
H	0.499326	B	0.193018	C	0.307656
H	0.52286	B	0.206425	C	0.270715
H	0.520562	B	0.253535	C	0.225904
H	0.494445	B	0.283896	C	0.221659
H	0.484256	B	0.281202	C	0.234542
H	0.475545	B	0.276513	C	0.247943
H	0.463766	B	0.268204	C	0.26803
H	0.441168	B	0.256951	C	0.301881
H	0.370691	B	0.181334	C	0.447975
H	0.30852	B	0.0928219	C	0.598658
H	0.497439	B	0.0377182	C	0.464843
H	0.744354	B	0.0254602	C	0.230185
H	0.800891	B	0.0289165	C	0.170193
H	0.867784	B	0.0316576	C	0.100558
H	0.897824	B	0.0277515	C	0.0744241
H	0.906698	B	0.0250444	C	0.0682576
H	0.924485	B	0.0204426	C	0.0550728
H	0.923866	B	0.0201792	C	0.0559543
H	0.90331	B	0.0203545	C	0.0763359
H	0.856295	B	0.019666	C	0.124039
H	0.789855	B	0.0180386	C	0.192106
H	0.773452	B	0.0157392	C	0.210808
H	0.835581	B	0.0164375	C	0.147982
H	0.882298	B	0.0236175	C	0.0940849
H	0.889474	B	0.0332079	C	0.0773178
H	0.887438	B	0.0394754	C	0.073087
H	0.872703	B	0.0495865	C	0.0777103
H	0.844374	B	0.0620487	C	0.0935776
H	0.796763	B	0.0661678	C	0.137069
H	0.765575	B	0.074486	C	0.159939
H	0.808087	B	0.104212	C	0.0877012
H	0.829776	B	0.119434	C	0.0507895
H	0.835347	B	0.11906	C	0.0455933
H	0.843918	B	0.106257	C	0.0498255
H	0.842271	B	0.0893737	C	0.0683556
H	0.826591	B	0.0658598	C	0.107549
H	0.76104	B	0.0509102	C	0.188049
H	0.667912	B	0.0378241	C	0.294264
H	0.55232	B	0.0336203	C	0.41406
H	0.504247	B	0.0480096	C	0.447744
H	0.486777	B	0.12187	C	0.391354
H	0.464528	B	0.285347	C	0.250125
H	0.44056	B	0.41643	C	0.14301
H	0.436217	B	0.456714	C	0.107069
H	0.386427	B	0.466482	C	0.14709
H	0.331078	B	0.423542	C	0.24538
H	0.257273	B	0.293059	C	0.449668
H	0.215434	B	0.124497	C	0.660069
H	0.471926	B	0.0456358	C	0.482438
H	0.526506	B	0.0401777	C	0.433316
H	0.578794	B	0.0464934	C	0.374712
H	0.653857	B	0.0751792	C	0.270964
H	0.679154	B	0.119825	C	0.201021
H	0.650846	B	0.15533	C	0.193824
H	0.597757	B	0.165322	C	0.236921
H	0.473266	B	0.153732	C	0.373001
H	0.246226	B	0.0948187	C	0.658955
H	0.0724821	B	0.0669281	C	0.86059
H	0.0620684	B	0.103416	C	0.834516
H	0.0379724	B	0.108707	C	0.85332
H	0.183877	B	0.109469	C	0.706654
H	0.238123	B	0.111171	C	0.650707
H	0.266991	B	0.114706	C	0.618302
H	0.383607	B	0.109777	C	0.506617
H	0.361358	B	0.135273	C	0.503369
H	0.346779	B	0.19744	C	0.455781
H	0.307868	B	0.225069	C	0.467063
H	0.205114	B	0.203874	C	0.591012
H	0.112478	B	0.157985	C	0.729537
H	0.0871976	B	0.142395	C	0.770408
H	0.12105	B	0.202678	C	0.676272
H	0.21618	B	0.520212	C	0.263608
H	0.196806	B	0.634777	C	0.168418
H	0.164607	B	0.64481	C	0.190583
H	0.128797	B	0.515438	C	0.355765
H	0.100008	B	0.208992	C	0.691001
H	0.113737	B	0.114819	C	0.771443
H	0.196828	B	0.268128	C	0.535044
H	0.179151	B	0.400626	C	0.420223
H	0.199969	B	0.461851	C	0.33818
H	0.371362	B	0.414409	C	0.214229
H	0.401356	B	0.326403	C	0.272241
H	0.408076	B	0.28633	C	0.305594
H	0.389719	B	0.311631	C	0.29865
H	0.307578	B	0.327596	C	0.364826
H	0.254123	B	0.317758	C	0.428119
H	0.202039	B	0.235671	C	0.56229
H	0.212352	B	0.14045	C	0.647198
H	0.599305	B	0.0423344	C	0.35836
H	0.658577	B	0.0283088	C	0.313114
H	0.690426	B	0.0401019	C	0.269472
H	0.726727	B	0.0847208	C	0.188552
H	0.710525	B	0.119675	C	0.1698
H	0.666012	B	0.112238	C	0.221751
H	0.602588	B	0.158394	C	0.239018
H	0.39824	B	0.228407	C	0.373354
H	0.159256	B	0.265379	C	0.575365
H	0.108402	B	0.365269	C	0.526328
H	0.0940939	B	0.537929	C	0.367978
H	0.0970545	B	0.656721	C	0.246225
H	0.0768432	B	0.685334	C	0.237823
H	0.0651503	B	0.583731	C	0.351118
H	0.0734677	B	0.355185	C	0.571347
H	0.22653	B	0.115405	C	0.658066
H	0.587343	B	0.0291104	C	0.383547
H	0.701701	B	0.04862	C	0.249679
H	0.771771	B	0.0779496	C	0.15028
H	0.767514	B	0.0988591	C	0.133626
H	0.785505	B	0.0897677	C	0.124727
H	0.790344	B	0.0753159	C	0.13434
H	0.780888	B	0.0626839	C	0.156428
H	0.776595	B	0.0507202	C	0.172685
H	0.731896	B	0.0539384	C	0.214165
H	0.658084	B	0.0630356	C	0.27888
H	0.468441	B	0.0599156	C	0.471644
H	0.326933	B	0.0480391	C	0.625028
H	0.231529	B	0.0205753	C	0.747896
H	0.775645	B	0.0157692	C	0.208585
H	0.863483	B	0.0481249	C	0.0883923
H	0.890636	B	0.0734989	C	0.0358651
H	0.882952	B	0.0869526	C	0.030095
H	0.86729	B	0.0922793	C	0.0404304
H	0.827075	B	0.0920905	C	0.0808341
H	0.71208	B	0.0825272	C	0.205393
H	0.459443	B	0.0605774	C	0.479979
H	0.10213	B	0.0237499	C	0.87412
H	0.00321246	B	0.00178823	C	0.994999
