H	0.00322542	B	0.0153589	C	0.981416
H	0.0294092	B	0.526925	C	0.443665
H	0.0421093	B	0.69644	C	0.26145
H	0.0768848	B	0.692128	C	0.230987
H	0.116532	B	0.611125	C	0.272343
H	0.122287	B	0.464708	C	0.413005
H	0.149977	B	0.297174	C	0.552848
H	0.134209	B	0.173318	C	0.692473
H	0.133306	B	0.156356	C	0.710338
H	0.114703	B	0.204348	C	0.680949
H	0.135357	B	0.238648	C	0.625995
H	0.484913	B	0.246003	C	0.269084
H	0.539995	B	0.259495	C	0.20051
H	0.538319	B	0.258519	C	0.203162
H	0.497392	B	0.224154	C	0.278455
H	0.470293	B	0.150467	C	0.37924
H	0.494017	B	0.11849	C	0.387493
H	0.560998	B	0.156855	C	0.282147
H	0.660706	B	0.203027	C	0.136267
H	0.689001	B	0.22569	C	0.0853092
H	0.700158	B	0.222443	C	0.0773999
H	0.712948	B	0.211651	C	0.0754005
H	0.701293	B	0.19977	C	0.098937
H	0.668012	B	0.179064	C	0.152925
H	0.623775	B	0.140878	C	0.235347
H	0.539217	B	0.0949053	C	0.365878
H	0.420926	B	0.0709366	C	0.508137
H	0.38024	B	0.0921191	C	0.527641
H	0.421057	B	0.195226	C	0.383718
H	0.440357	B	0.273349	C	0.286293
H	0.425115	B	0.308921	C	0.265963
H	0.390725	B	0.285255	C	0.32402
H	0.33891	B	0.211505	C	0.449585
H	0.326319	B	0.106503	C	0.567178
H	0.229006	B	0.0855124	C	0.685481
H	0.160844	B	0.0829471	C	0.756209
H	0.077163	B	0.0696248	C	0.853212
H	0.0684025	B	0.136177	C	0.79542
H	0.119221	B	0.471708	C	0.409071
H	0.117919	B	0.734085	C	0.147995
H	0.104661	B	0.82519	C	0.0701483
H	0.0932479	B	0.849832	C	0.0569201
H	0.116845	B	0.804279	C	0.0788754
H	0.135432	B	0.69544	C	0.169128
H	0.138147	B	0.551862	C	0.309991
H	0.0882857	B	0.33067	C	0.581044
H	0.0234036	B	0.161561	C	0.815035
H	0.0242389	B	0.112179	C	0.863582
H	0.022361	B	0.054124	C	0.923515
H	0.142269	B	0.0313082	C	0.826423
H	0.270016	B	0.0295055	C	0.700478
H	0.315452	B	0.0432509	C	0.641297
H	0.372594	B	0.0800764	C	0.54733
H	0.661339	B	0.22705	C	0.111611
H	0.666811	B	0.294729	C	0.0384608
H	0.66226	B	0.313933	C	0.0238069
H	0.663297	B	0.313425	C	0.0232786
H	0.640738	B	0.320026	C	0.0392359
H	0.616171	B	0.289482	C	0.0943475
H	0.591383	B	0.236339	C	0.172278
H	0.545233	B	0.163678	C	0.29109
H	0.44404	B	0.0791697	C	0.47679
H	0.24943	B	0.0332415	C	0.717329
H	0.168921	B	0.0326332	C	0.798446
H	0.231923	B	0.0984282	C	0.669648
H	0.293758	B	0.225933	C	0.480308
H	0.336463	B	0.267868	C	0.395668
H	0.347135	B	0.339693	C	0.313172
H	0.320366	B	0.462486	C	0.217147
H	0.289767	B	0.572118	C	0.138115
H	0.274273	B	0.628588	C	0.0971388
H	0.258063	B	0.625162	C	0.116775
H	0.243363	B	0.548258	C	0.208379
H	0.230183	B	0.417235	C	0.352582
H	0.202223	B	0.26475	C	0.533027
H	0.129953	B	0.177729	C	0.692319
H	0.0825449	B	0.195141	C	0.722315
H	0.0634909	B	0.18892	C	0.747589
H	0.08348	B	0.24976	C	0.66676
H	0.118622	B	0.60766	C	0.273719
H	0.110277	B	0.777895	C	0.111828
H	0.0897974	B	0.827904	C	0.0822982
H	0.0745745	B	0.835013	C	0.0904127
H	0.10157	B	0.776007	C	0.122423
H	0.128742	B	0.612902	C	0.258356
H	0.163309	B	0.401469	C	0.435222
H	0.173949	B	0.2405	C	0.585551
H	0.130487	B	0.122386	C	0.747128
H	0.0864741	B	0.0834069	C	0.830119
H	0.0421582	B	0.153747	C	0.804095
H	0.0289206	B	0.605941	C	0.365139
H	0.0203246	B	0.895378	C	0.0842969
H	0.0197742	B	0.947334	C	0.0328919
H	0.0185145	B	0.949518	C	0.0319676
H	0.0188829	B	0.87116	C	0.109957
H	0.022343	B	0.593353	C	0.384304
H	0.0930052	B	0.207671	C	0.699324
H	0.154526	B	0.0996126	C	0.745861
H	0.228412	B	0.117534	C	0.654054
H	0.246579	B	0.229232	C	0.52419
H	0.232859	B	0.547139	C	0.220002
H	0.204727	B	0.728471	C	0.0668018
H	0.20906	B	0.765431	C	0.0255093
H	0.208846	B	0.771153	C	0.0200005
H	0.214116	B	0.755599	C	0.030285
H	0.218279	B	0.691876	C	0.0898444
H	0.225362	B	0.551858	C	0.222779
H	0.222728	B	0.333175	C	0.444097
H	0.139926	B	0.113172	C	0.746901
H	0.076646	B	0.0539093	C	0.869445
H	0.04799	B	0.056967	C	0.895043
H	0.0537558	B	0.0501373	C	0.896107
H	0.317856	B	0.0432485	C	0.638896
H	0.35786	B	0.0792205	C	0.56292
H	0.369403	B	0.161091	C	0.469506
H	0.289815	B	0.307419	C	0.402767
H	0.253762	B	0.45804	C	0.288198
H	0.226178	B	0.524696	C	0.249126
H	0.207038	B	0.582527	C	0.210434
H	0.205813	B	0.640511	C	0.153676
H	0.187362	B	0.665814	C	0.146824
H	0.167553	B	0.671559	C	0.160888
H	0.113781	B	0.631766	C	0.254453
H	0.0696184	B	0.484248	C	0.446133
H	0.0199715	B	0.157505	C	0.822523
H	0.133571	B	0.0525549	C	0.813874
H	0.147986	B	0.05916	C	0.792854
H	0.142465	B	0.0604769	C	0.797058
H	0.121273	B	0.0191285	C	0.859599
H	0.920946	B	0.00679057	C	0.0722632
H	0.964275	B	0.00620583	C	0.029519
H	0.977508	B	0.00545489	C	0.017037
H	0.978224	B	0.00729892	C	0.0144772
H	0.978214	B	0.00696146	C	0.0148247
H	0.976207	B	0.00667863	C	0.0171148
H	0.974945	B	0.00642286	C	0.0186325
H	0.974618	B	0.00664652	C	0.0187354
H	0.969851	B	0.00788254	C	0.0222661
H	0.957907	B	0.0102681	C	0.0318245
H	0.913695	B	0.016558	C	0.0697475
H	0.771417	B	0.0179154	C	0.210668
H	0.493497	B	0.0209982	C	0.485505
H	0.0977665	B	0.0239607	C	0.878273
H	0.0713613	B	0.0484255	C	0.880213
H	0.0819707	B	0.245705	C	0.672325
H	0.0845733	B	0.629402	C	0.286024
H	0.0577411	B	0.816857	C	0.125402
H	0.0414521	B	0.853415	C	0.105133
H	0.0399956	B	0.791469	C	0.168535
H	0.0221294	B	0.65152	C	0.326351
H	0.0171881	B	0.417521	C	0.565291
H	0.0126024	B	0.110403	C	0.876994
H	0.614681	B	0.0282001	C	0.357118
H	0.691619	B	0.0316789	C	0.276702
H	0.724222	B	0.053259	C	0.222519
H	0.674079	B	0.077271	C	0.24865
H	0.686383	B	0.080652	C	0.232965
H	0.668855	B	0.0861303	C	0.245015
H	0.58556	B	0.115655	C	0.298785
H	0.400897	B	0.146151	C	0.452952
H	0.184274	B	0.116187	C	0.699539
H	0.00317049	B	0.00235434	C	0.994475
