H	0.00299587	B	0.00176453	C	0.99524
H	0.0107445	B	0.0238929	C	0.965363
H	0.012635	B	0.0184791	C	0.968886
H	0.00819558	B	0.0175083	C	0.974296
H	0.00912709	B	0.0237378	C	0.967135
H	0.0157497	B	0.0224144	C	0.961836
H	0.0744495	B	0.0601698	C	0.865381
H	0.135785	B	0.277875	C	0.58634
H	0.127419	B	0.374646	C	0.497935
H	0.0581119	B	0.338955	C	0.602933
H	0.0217251	B	0.239719	C	0.738556
H	0.025391	B	0.190293	C	0.784316
H	0.0944772	B	0.159241	C	0.746282
H	0.146703	B	0.150034	C	0.703263
H	0.196968	B	0.114081	C	0.688951
H	0.316488	B	0.109357	C	0.574155
H	0.35557	B	0.13338	C	0.511049
H	0.487758	B	0.136796	C	0.375446
H	0.532215	B	0.0976719	C	0.370113
H	0.714282	B	0.0558793	C	0.229839
H	0.746397	B	0.0361389	C	0.217464
H	0.729497	B	0.0347587	C	0.235744
H	0.777861	B	0.0643283	C	0.15781
H	0.77918	B	0.10434	C	0.116479
H	0.758451	B	0.140475	C	0.101074
H	0.750598	B	0.146897	C	0.102505
H	0.718621	B	0.159606	C	0.121773
H	0.660388	B	0.178154	C	0.161458
H	0.614422	B	0.205932	C	0.179645
H	0.557292	B	0.228642	C	0.214066
H	0.497144	B	0.232401	C	0.270455
H	0.443672	B	0.211987	C	0.344341
H	0.42572	B	0.218644	C	0.355636
H	0.36449	B	0.240238	C	0.395272
H	0.286276	B	0.184643	C	0.529081
H	0.311299	B	0.151028	C	0.537673
H	0.300407	B	0.116085	C	0.583508
H	0.301109	B	0.0908764	C	0.608015
H	0.317902	B	0.0623506	C	0.619747
H	0.400314	B	0.07707	C	0.522616
H	0.476855	B	0.138038	C	0.385108
H	0.518699	B	0.163382	C	0.317919
H	0.56484	B	0.143983	C	0.291177
H	0.614413	B	0.121208	C	0.264379
H	0.678517	B	0.126632	C	0.194851
H	0.719095	B	0.155072	C	0.125833
H	0.734502	B	0.193797	C	0.0717011
H	0.746426	B	0.210761	C	0.0428126
H	0.744779	B	0.219841	C	0.03538
H	0.718877	B	0.235942	C	0.0451804
H	0.712843	B	0.199012	C	0.0881441
H	0.6779	B	0.136208	C	0.185892
H	0.613696	B	0.1088	C	0.277504
H	0.556278	B	0.128397	C	0.315325
H	0.503981	B	0.227831	C	0.268188
H	0.473193	B	0.342299	C	0.184508
H	0.421924	B	0.369907	C	0.208169
H	0.326967	B	0.31414	C	0.358893
H	0.243905	B	0.272154	C	0.48394
H	0.203789	B	0.34498	C	0.451231
H	0.21093	B	0.422827	C	0.366243
H	0.219994	B	0.546462	C	0.233544
H	0.214745	B	0.611638	C	0.173617
H	0.181986	B	0.609671	C	0.208343
H	0.157145	B	0.581687	C	0.261168
H	0.16722	B	0.543497	C	0.289283
H	0.177227	B	0.504821	C	0.317952
H	0.143668	B	0.352805	C	0.503527
H	0.0940938	B	0.212182	C	0.693724
H	0.116971	B	0.278034	C	0.604996
H	0.101523	B	0.417997	C	0.480479
H	0.0957711	B	0.48062	C	0.423609
H	0.0843906	B	0.449637	C	0.465972
H	0.0830176	B	0.403143	C	0.51384
H	0.0749738	B	0.341845	C	0.583181
H	0.0574324	B	0.26566	C	0.676907
H	0.0345606	B	0.151696	C	0.813743
H	0.0682182	B	0.10615	C	0.825632
H	0.0898954	B	0.0950969	C	0.815008
H	0.175005	B	0.120723	C	0.704273
H	0.146254	B	0.0969051	C	0.756841
H	0.10344	B	0.105486	C	0.791074
H	0.028246	B	0.110857	C	0.860897
H	0.0394968	B	0.148573	C	0.81193
H	0.0813877	B	0.172842	C	0.74577
H	0.08389	B	0.1534	C	0.76271
H	0.0713009	B	0.114192	C	0.814507
H	0.0836053	B	0.0895306	C	0.826864
H	0.202431	B	0.0867407	C	0.710828
H	0.248074	B	0.185795	C	0.566131
H	0.244338	B	0.271659	C	0.484003
H	0.210195	B	0.312619	C	0.477186
H	0.208893	B	0.368543	C	0.422564
H	0.185302	B	0.420978	C	0.393719
H	0.15465	B	0.502389	C	0.342961
H	0.127658	B	0.572671	C	0.299671
H	0.0919609	B	0.586196	C	0.321843
H	0.0710112	B	0.667162	C	0.261826
H	0.0457169	B	0.743154	C	0.211129
H	0.0344897	B	0.824997	C	0.140513
H	0.0318026	B	0.872064	C	0.096133
H	0.0269031	B	0.857201	C	0.115896
H	0.0216404	B	0.792635	C	0.185725
H	0.0212122	B	0.641991	C	0.336797
H	0.0328538	B	0.415664	C	0.551482
H	0.0806291	B	0.26353	C	0.655841
H	0.0885932	B	0.20873	C	0.702677
H	0.0764277	B	0.24034	C	0.683233
H	0.0693109	B	0.50436	C	0.426329
H	0.0628956	B	0.680684	C	0.25642
H	0.0566692	B	0.711522	C	0.231808
H	0.0760183	B	0.6597	C	0.264282
H	0.0785606	B	0.547472	C	0.373967
H	0.188083	B	0.402308	C	0.409609
H	0.229634	B	0.306831	C	0.463535
H	0.24641	B	0.285103	C	0.468487
H	0.243371	B	0.236089	C	0.52054
H	0.209491	B	0.161415	C	0.629094
H	0.161359	B	0.0852821	C	0.753359
H	0.00345539	B	0.0018422	C	0.994702
