H	0.00352523	B	0.00218808	C	0.994287
H	0.105214	B	0.16406	C	0.730726
H	0.252096	B	0.160042	C	0.587863
H	0.271064	B	0.160202	C	0.568734
H	0.276653	B	0.144558	C	0.578789
H	0.257185	B	0.114241	C	0.628574
H	0.312669	B	0.139332	C	0.547999
H	0.311579	B	0.164196	C	0.524226
H	0.292815	B	0.172797	C	0.534388
H	0.200395	B	0.111651	C	0.687954
H	0.0559821	B	0.084623	C	0.859395
H	0.0232325	B	0.0774607	C	0.899307
H	0.0445569	B	0.0803253	C	0.875118
H	0.0716151	B	0.0932606	C	0.835124
H	0.0481069	B	0.109974	C	0.841919
H	0.0341818	B	0.182383	C	0.783435
H	0.0187776	B	0.180163	C	0.80106
H	0.0546142	B	0.142686	C	0.8027
H	0.0929186	B	0.156625	C	0.750457
H	0.0730725	B	0.156981	C	0.769946
H	0.0218908	B	0.121972	C	0.856137
H	0.0528929	B	0.0986048	C	0.848502
H	0.0795119	B	0.112837	C	0.807651
H	0.115275	B	0.311296	C	0.573429
H	0.107017	B	0.537993	C	0.35499
H	0.0947394	B	0.669693	C	0.235567
H	0.0649948	B	0.660878	C	0.274128
H	0.0539706	B	0.504949	C	0.44108
H	0.0350483	B	0.202881	C	0.762071
H	0.556805	B	0.0742278	C	0.368967
H	0.645963	B	0.114029	C	0.240008
H	0.663741	B	0.170995	C	0.165264
H	0.586398	B	0.210739	C	0.202863
H	0.553163	B	0.187415	C	0.259423
H	0.355798	B	0.122971	C	0.521231
H	0.10696	B	0.0709348	C	0.822105
H	0.0569857	B	0.091609	C	0.851405
H	0.0236771	B	0.0792096	C	0.897113
H	0.0273307	B	0.0625455	C	0.910124
H	0.022021	B	0.184612	C	0.793367
H	0.0178418	B	0.492696	C	0.489462
H	0.0166014	B	0.782424	C	0.200974
H	0.0169141	B	0.90338	C	0.0797063
H	0.0175856	B	0.913708	C	0.068706
H	0.0179741	B	0.893472	C	0.088554
H	0.0201313	B	0.811811	C	0.168058
H	0.0258228	B	0.71238	C	0.261798
H	0.0367364	B	0.632965	C	0.330299
H	0.0407791	B	0.51664	C	0.442581
H	0.0404573	B	0.477154	C	0.482388
H	0.0377208	B	0.500186	C	0.462093
H	0.0278086	B	0.452584	C	0.519607
H	0.0271499	B	0.375958	C	0.596892
H	0.0286162	B	0.244565	C	0.726819
H	0.052997	B	0.164474	C	0.782529
H	0.143504	B	0.195856	C	0.660641
H	0.159681	B	0.233876	C	0.606444
H	0.164887	B	0.314295	C	0.520818
H	0.140219	B	0.358361	C	0.50142
H	0.139226	B	0.304706	C	0.556068
H	0.137456	B	0.31681	C	0.545734
H	0.137342	B	0.448817	C	0.413841
H	0.0990137	B	0.43328	C	0.467706
H	0.0785809	B	0.27201	C	0.649409
H	0.065256	B	0.146759	C	0.787985
H	0.059312	B	0.197613	C	0.743075
H	0.0604419	B	0.647894	C	0.291664
H	0.0501542	B	0.864241	C	0.0856049
H	0.0477224	B	0.914941	C	0.0373368
H	0.0443109	B	0.921991	C	0.0336978
H	0.0433012	B	0.905444	C	0.0512547
H	0.0413354	B	0.862168	C	0.0964964
H	0.0499367	B	0.834788	C	0.115276
H	0.0469644	B	0.816478	C	0.136558
H	0.0497288	B	0.7921	C	0.158171
H	0.0582502	B	0.65482	C	0.28693
H	0.0622343	B	0.411691	C	0.526075
H	0.0486263	B	0.137041	C	0.814333
H	0.0337045	B	0.0836775	C	0.882618
H	0.0274985	B	0.234652	C	0.737849
H	0.0312469	B	0.586165	C	0.382589
H	0.0335547	B	0.699717	C	0.266728
H	0.0439296	B	0.745472	C	0.210598
H	0.0457992	B	0.720236	C	0.233964
H	0.0739535	B	0.780469	C	0.145578
H	0.0859261	B	0.813151	C	0.100923
H	0.0953543	B	0.803725	C	0.100921
H	0.0955171	B	0.752508	C	0.151975
H	0.0844461	B	0.614836	C	0.300718
H	0.0747475	B	0.339113	C	0.586139
H	0.0868492	B	0.248611	C	0.66454
H	0.0948905	B	0.355753	C	0.549356
H	0.0803428	B	0.350687	C	0.568971
H	0.0739348	B	0.282491	C	0.643574
H	0.147459	B	0.228185	C	0.624357
H	0.144819	B	0.127818	C	0.727363
H	0.173926	B	0.0980886	C	0.727985
H	0.140154	B	0.100848	C	0.758998
H	0.117216	B	0.148083	C	0.734701
H	0.0904414	B	0.357701	C	0.551857
H	0.0840468	B	0.694119	C	0.221834
H	0.0754732	B	0.82691	C	0.0976169
H	0.0681574	B	0.883482	C	0.0483606
H	0.074839	B	0.885204	C	0.0399574
H	0.0703387	B	0.882092	C	0.047569
H	0.0669397	B	0.851194	C	0.0818666
H	0.0769187	B	0.758874	C	0.164207
H	0.156116	B	0.553145	C	0.290739
H	0.234655	B	0.275466	C	0.489878
H	0.29604	B	0.180183	C	0.523777
H	0.288707	B	0.199206	C	0.512086
H	0.222572	B	0.193224	C	0.584204
H	0.129649	B	0.116981	C	0.75337
H	0.0840223	B	0.144904	C	0.771074
H	0.0831821	B	0.335002	C	0.581815
H	0.0883181	B	0.563219	C	0.348463
H	0.0866718	B	0.652312	C	0.261016
H	0.0777889	B	0.663226	C	0.258985
H	0.0883646	B	0.636981	C	0.274654
H	0.0951332	B	0.609714	C	0.295153
H	0.0952789	B	0.593243	C	0.311478
H	0.0950739	B	0.49543	C	0.409496
H	0.0721646	B	0.331234	C	0.596601
H	0.0652137	B	0.230297	C	0.70449
H	0.10542	B	0.283909	C	0.610671
H	0.125098	B	0.305293	C	0.569609
H	0.179464	B	0.366533	C	0.454003
H	0.20159	B	0.455818	C	0.342592
H	0.214368	B	0.54968	C	0.235952
H	0.225363	B	0.608245	C	0.166392
H	0.229064	B	0.580535	C	0.190401
H	0.222865	B	0.552789	C	0.224346
H	0.233693	B	0.536221	C	0.230085
H	0.224217	B	0.471132	C	0.304651
H	0.204114	B	0.330462	C	0.465423
H	0.158793	B	0.1909	C	0.650307
H	0.120461	B	0.173856	C	0.705683
H	0.106081	B	0.320582	C	0.573337
H	0.0933235	B	0.5239	C	0.382777
H	0.0996619	B	0.555382	C	0.344957
H	0.0822941	B	0.447115	C	0.470591
H	0.0777326	B	0.302292	C	0.619976
H	0.0561661	B	0.202261	C	0.741573
H	0.0640322	B	0.282798	C	0.65317
H	0.0880907	B	0.460815	C	0.451095
H	0.105547	B	0.432797	C	0.461656
H	0.0994486	B	0.325116	C	0.575435
H	0.0826615	B	0.280667	C	0.636671
H	0.0826595	B	0.402843	C	0.514497
H	0.0774763	B	0.538046	C	0.384478
H	0.0642301	B	0.625349	C	0.310421
H	0.0418984	B	0.563318	C	0.394784
H	0.0219622	B	0.320575	C	0.657463
H	0.0578084	B	0.163397	C	0.778795
H	0.154459	B	0.123175	C	0.722365
H	0.216281	B	0.331538	C	0.452181
H	0.174856	B	0.611998	C	0.213146
H	0.152745	B	0.739979	C	0.107276
H	0.173063	B	0.744746	C	0.0821916
H	0.184342	B	0.716375	C	0.0992831
H	0.200363	B	0.67812	C	0.121517
H	0.206744	B	0.653586	C	0.139669
H	0.172911	B	0.672849	C	0.15424
H	0.153479	B	0.63559	C	0.210931
H	0.115575	B	0.512951	C	0.371474
H	0.0732498	B	0.251389	C	0.675362
H	0.0309787	B	0.138306	C	0.830715
H	0.0277276	B	0.325899	C	0.646374
H	0.021304	B	0.738268	C	0.240428
H	0.0168303	B	0.883402	C	0.0997672
H	0.017313	B	0.910207	C	0.0724796
H	0.0178428	B	0.858594	C	0.123563
H	0.0215389	B	0.723332	C	0.255129
H	0.0227591	B	0.605495	C	0.371746
H	0.0239132	B	0.542958	C	0.433129
H	0.0196344	B	0.412913	C	0.567452
H	0.0251962	B	0.375927	C	0.598877
H	0.0443166	B	0.484577	C	0.471107
H	0.0575316	B	0.519606	C	0.422862
H	0.20284	B	0.454545	C	0.342615
H	0.194842	B	0.478167	C	0.326991
H	0.185741	B	0.465892	C	0.348366
H	0.134249	B	0.30047	C	0.565281
H	0.0748058	B	0.143678	C	0.781516
H	0.0473948	B	0.0714186	C	0.881187
H	0.0294708	B	0.0873845	C	0.883145
H	0.0225304	B	0.257016	C	0.720453
H	0.020808	B	0.785966	C	0.193226
H	0.0210025	B	0.935998	C	0.0429993
H	0.0262161	B	0.947536	C	0.0262476
H	0.0363766	B	0.90402	C	0.0596036
H	0.043543	B	0.680272	C	0.276185
H	0.0877706	B	0.303937	C	0.608293
H	0.129291	B	0.119075	C	0.751634
H	0.155368	B	0.0950177	C	0.749615
H	0.167662	B	0.21205	C	0.620288
H	0.227251	B	0.40265	C	0.370099
H	0.274461	B	0.449356	C	0.276183
H	0.291512	B	0.461419	C	0.247069
H	0.268381	B	0.449232	C	0.282387
H	0.185279	B	0.37873	C	0.435991
H	0.106731	B	0.215691	C	0.677579
H	0.102882	B	0.140272	C	0.756846
H	0.128054	B	0.0890563	C	0.78289
H	0.228042	B	0.0732207	C	0.698737
H	0.259414	B	0.099404	C	0.641182
H	0.322209	B	0.224262	C	0.453529
H	0.323242	B	0.35946	C	0.317298
H	0.328175	B	0.418431	C	0.253394
H	0.337036	B	0.448177	C	0.214786
H	0.320563	B	0.436361	C	0.243076
H	0.303838	B	0.4003	C	0.295862
H	0.300347	B	0.381589	C	0.318065
H	0.267018	B	0.39615	C	0.336832
H	0.268431	B	0.413035	C	0.318534
H	0.259128	B	0.382093	C	0.358778
H	0.237113	B	0.334518	C	0.428369
H	0.198385	B	0.272104	C	0.529511
H	0.153617	B	0.265191	C	0.581192
H	0.168273	B	0.341091	C	0.490636
H	0.17433	B	0.333386	C	0.492284
H	0.183879	B	0.207309	C	0.608813
H	0.17967	B	0.115531	C	0.704799
H	0.184929	B	0.126136	C	0.688935
H	0.172293	B	0.146071	C	0.681636
H	0.10932	B	0.129452	C	0.761228
H	0.055726	B	0.177203	C	0.767071
H	0.0394867	B	0.441966	C	0.518547
H	0.032114	B	0.71356	C	0.254326
H	0.0271212	B	0.868158	C	0.104721
H	0.0231119	B	0.921056	C	0.055832
H	0.0207145	B	0.901004	C	0.0782819
H	0.0233453	B	0.814189	C	0.162466
H	0.0311094	B	0.579603	C	0.389288
H	0.0612951	B	0.291249	C	0.647456
H	0.0602986	B	0.121036	C	0.818666
H	0.0343514	B	0.064434	C	0.901215
H	0.0313347	B	0.0830848	C	0.88558
H	0.062806	B	0.081015	C	0.856179
H	0.543835	B	0.0559929	C	0.400172
H	0.641774	B	0.126837	C	0.23139
H	0.650901	B	0.208327	C	0.140772
H	0.599389	B	0.310828	C	0.0897833
H	0.602466	B	0.341343	C	0.0561909
H	0.583854	B	0.344691	C	0.0714548
H	0.519984	B	0.334787	C	0.145229
H	0.32287	B	0.285563	C	0.391567
H	0.0322261	B	0.12374	C	0.844034
H	0.0221597	B	0.0676525	C	0.910188
H	0.0250534	B	0.0758335	C	0.899113
H	0.0464154	B	0.0816311	C	0.871953
H	0.0602562	B	0.109344	C	0.8304
H	0.0297985	B	0.125899	C	0.844302
H	0.0419915	B	0.105372	C	0.852636
H	0.058692	B	0.0815341	C	0.859774
H	0.076221	B	0.0831583	C	0.840621
H	0.143985	B	0.100312	C	0.755702
H	0.27986	B	0.106699	C	0.613442
H	0.329262	B	0.0764291	C	0.594309
H	0.437281	B	0.0723533	C	0.490366
H	0.529256	B	0.0641071	C	0.406637
H	0.620262	B	0.0497187	C	0.330019
H	0.688751	B	0.0406455	C	0.270603
H	0.733395	B	0.0273941	C	0.23921
H	0.815338	B	0.0229414	C	0.161721
H	0.806638	B	0.0201397	C	0.173222
H	0.734753	B	0.0198697	C	0.245377
H	0.738072	B	0.0275026	C	0.234426
H	0.739633	B	0.0500374	C	0.21033
H	0.780227	B	0.079447	C	0.140326
H	0.771041	B	0.104587	C	0.124372
H	0.748349	B	0.147902	C	0.103748
H	0.728953	B	0.180362	C	0.0906849
H	0.64645	B	0.227482	C	0.126068
H	0.570967	B	0.254673	C	0.174361
H	0.500268	B	0.229831	C	0.269901
H	0.3716	B	0.173866	C	0.454534
H	0.16079	B	0.0720788	C	0.767132
H	0.0792445	B	0.0481984	C	0.872557
H	0.0573447	B	0.0840399	C	0.858615
H	0.0363336	B	0.201112	C	0.762554
H	0.0280065	B	0.515948	C	0.456045
H	0.0244889	B	0.73967	C	0.235841
H	0.0241416	B	0.839027	C	0.136832
H	0.0338505	B	0.889842	C	0.0763071
H	0.0385939	B	0.883749	C	0.0776567
H	0.0356637	B	0.841805	C	0.122531
H	0.0396798	B	0.702981	C	0.257339
H	0.0528563	B	0.462189	C	0.484955
H	0.0534733	B	0.189376	C	0.757151
H	0.103051	B	0.0805731	C	0.816376
H	0.0919621	B	0.0480396	C	0.859998
H	0.376574	B	0.0525286	C	0.570897
H	0.420908	B	0.0919159	C	0.487176
H	0.465402	B	0.112801	C	0.421797
H	0.423081	B	0.123804	C	0.453115
H	0.413172	B	0.133537	C	0.453291
H	0.402999	B	0.172305	C	0.424695
H	0.329512	B	0.222705	C	0.447783
H	0.238958	B	0.200876	C	0.560167
H	0.1912	B	0.147954	C	0.660846
H	0.141534	B	0.139446	C	0.71902
H	0.116614	B	0.245894	C	0.637492
H	0.0947311	B	0.574855	C	0.330414
H	0.0817261	B	0.811551	C	0.106723
H	0.0786018	B	0.850064	C	0.0713337
H	0.0754078	B	0.779867	C	0.144725
H	0.0657562	B	0.576691	C	0.357552
H	0.0510436	B	0.269329	C	0.679627
H	0.033769	B	0.102973	C	0.863258
H	0.0426573	B	0.0939191	C	0.863424
H	0.0238795	B	0.103297	C	0.872823
H	0.0164051	B	0.216656	C	0.766939
H	0.0136605	B	0.660992	C	0.325348
H	0.0126041	B	0.931438	C	0.0559579
H	0.012279	B	0.960933	C	0.0267883
H	0.0130363	B	0.955413	C	0.0315509
H	0.016928	B	0.864372	C	0.1187
H	0.0219064	B	0.560014	C	0.41808
H	0.0419941	B	0.241758	C	0.716248
H	0.0996479	B	0.174561	C	0.725791
H	0.135897	B	0.159023	C	0.705081
H	0.118297	B	0.0943817	C	0.787321
H	0.0823051	B	0.0395947	C	0.8781
H	0.754184	B	0.013156	C	0.23266
H	0.933187	B	0.00886923	C	0.0579442
H	0.951966	B	0.00854437	C	0.0394893
H	0.955872	B	0.0116418	C	0.0324861
H	0.970162	B	0.00906881	C	0.0207689
H	0.969961	B	0.00973569	C	0.0203033
H	0.967957	B	0.00940346	C	0.0226395
H	0.959881	B	0.00948134	C	0.0306381
H	0.936116	B	0.0111597	C	0.0527247
H	0.88749	B	0.00983134	C	0.102678
H	0.877581	B	0.0102267	C	0.112192
H	0.879287	B	0.0107242	C	0.109989
H	0.866193	B	0.018171	C	0.115636
H	0.860725	B	0.0364292	C	0.102846
H	0.834765	B	0.0622254	C	0.10301
H	0.764881	B	0.0699272	C	0.165192
H	0.622816	B	0.0726686	C	0.304515
H	0.32255	B	0.0708824	C	0.606568
H	0.134048	B	0.0620523	C	0.8039
H	0.0243301	B	0.0438418	C	0.931828
H	0.0537012	B	0.0405911	C	0.905708
H	0.110283	B	0.0902876	C	0.79943
H	0.107774	B	0.228818	C	0.663407
H	0.0623822	B	0.437946	C	0.499672
H	0.0357783	B	0.696792	C	0.26743
H	0.0319523	B	0.809249	C	0.158799
H	0.030609	B	0.829064	C	0.140327
H	0.0248188	B	0.77951	C	0.195671
H	0.0172047	B	0.465371	C	0.517425
H	0.0300286	B	0.202602	C	0.76737
H	0.0475534	B	0.081255	C	0.871192
H	0.0602261	B	0.0388148	C	0.900959
H	0.0532175	B	0.0427841	C	0.903998
H	0.115503	B	0.0714731	C	0.813024
H	0.328347	B	0.0710855	C	0.600567
H	0.660102	B	0.0492513	C	0.290647
H	0.764164	B	0.0669866	C	0.16885
H	0.818529	B	0.0786273	C	0.102844
H	0.844786	B	0.0796003	C	0.0756135
H	0.841562	B	0.0866753	C	0.071763
H	0.828543	B	0.0804349	C	0.0910221
H	0.77334	B	0.0763718	C	0.150288
H	0.684316	B	0.0676242	C	0.248059
H	0.515986	B	0.0620085	C	0.422005
H	0.300345	B	0.0793909	C	0.620264
H	0.143376	B	0.0912022	C	0.765421
H	0.0227043	B	0.0353794	C	0.941916
H	0.240793	B	0.0210499	C	0.738157
H	0.247716	B	0.029162	C	0.723122
H	0.302673	B	0.0597616	C	0.637565
H	0.231898	B	0.0909462	C	0.677156
H	0.207372	B	0.0808725	C	0.711756
H	0.257658	B	0.109352	C	0.63299
H	0.310186	B	0.183253	C	0.506561
H	0.336647	B	0.234849	C	0.428504
H	0.454611	B	0.275605	C	0.269784
H	0.486768	B	0.309378	C	0.203854
H	0.494706	B	0.308928	C	0.196366
H	0.490196	B	0.261196	C	0.248608
H	0.471957	B	0.200798	C	0.327245
H	0.440234	B	0.159227	C	0.40054
H	0.407566	B	0.192606	C	0.399828
H	0.351167	B	0.237553	C	0.411281
H	0.274948	B	0.231536	C	0.493516
H	0.220328	B	0.248753	C	0.530919
H	0.213648	B	0.294338	C	0.492014
H	0.171521	B	0.338808	C	0.489671
H	0.12336	B	0.367038	C	0.509602
H	0.0393011	B	0.27285	C	0.687849
H	0.0592205	B	0.211924	C	0.728855
H	0.155453	B	0.177804	C	0.666743
H	0.186756	B	0.145209	C	0.668036
H	0.403912	B	0.145894	C	0.450195
H	0.409786	B	0.19564	C	0.394574
H	0.428517	B	0.246471	C	0.325012
H	0.410524	B	0.248574	C	0.340902
H	0.428921	B	0.207093	C	0.363986
H	0.533679	B	0.141267	C	0.325053
H	0.604848	B	0.110314	C	0.284838
H	0.721212	B	0.0998202	C	0.178968
H	0.776304	B	0.104852	C	0.118844
H	0.784636	B	0.113022	C	0.102342
H	0.794122	B	0.102759	C	0.10312
H	0.760499	B	0.0912	C	0.148301
H	0.667605	B	0.0911909	C	0.241205
H	0.416689	B	0.0870793	C	0.496232
H	0.0966457	B	0.0699403	C	0.833414
H	0.0810546	B	0.107105	C	0.81184
H	0.071923	B	0.103718	C	0.824359
H	0.116268	B	0.0643373	C	0.819395
H	0.0764426	B	0.0426848	C	0.880873
H	0.0650606	B	0.0515255	C	0.883414
H	0.0666382	B	0.0893939	C	0.843968
H	0.0698504	B	0.137303	C	0.792846
H	0.0835614	B	0.264079	C	0.652359
H	0.0723573	B	0.504032	C	0.423611
H	0.0669905	B	0.699935	C	0.233074
H	0.0588818	B	0.837503	C	0.103615
H	0.0582509	B	0.870152	C	0.0715975
H	0.0491194	B	0.866449	C	0.084432
H	0.0475111	B	0.774991	C	0.177498
H	0.0442729	B	0.519314	C	0.436413
H	0.0380234	B	0.227189	C	0.734788
H	0.0551953	B	0.135971	C	0.808834
H	0.0543984	B	0.141758	C	0.803843
H	0.0488303	B	0.23553	C	0.715639
H	0.0284441	B	0.22733	C	0.744226
H	0.024147	B	0.216405	C	0.759448
H	0.0289591	B	0.205497	C	0.765543
H	0.0323635	B	0.135836	C	0.8318
H	0.290149	B	0.0918363	C	0.618015
H	0.305134	B	0.134092	C	0.560773
H	0.315254	B	0.202329	C	0.482417
H	0.288816	B	0.246609	C	0.464575
H	0.248301	B	0.281162	C	0.470537
H	0.235362	B	0.3703	C	0.394338
H	0.200147	B	0.436868	C	0.362984
H	0.125324	B	0.39069	C	0.483985
H	0.0429482	B	0.172339	C	0.784712
H	0.0461967	B	0.0821336	C	0.87167
H	0.0431796	B	0.151835	C	0.804986
H	0.0441953	B	0.590759	C	0.365045
H	0.0317011	B	0.865556	C	0.102743
H	0.0269647	B	0.934879	C	0.0381562
H	0.0277132	B	0.944461	C	0.0278256
H	0.0283604	B	0.938137	C	0.0335027
H	0.0330048	B	0.892464	C	0.0745307
H	0.0426768	B	0.756823	C	0.2005
H	0.0588494	B	0.587324	C	0.353827
H	0.0801853	B	0.399613	C	0.520202
H	0.0775028	B	0.206341	C	0.716156
H	0.0448581	B	0.0774366	C	0.877705
H	0.0549511	B	0.0868074	C	0.858242
H	0.0570209	B	0.215345	C	0.727634
H	0.041379	B	0.364786	C	0.593835
H	0.0262716	B	0.465565	C	0.508163
H	0.0273758	B	0.746555	C	0.226069
H	0.026896	B	0.910651	C	0.0624533
H	0.0311488	B	0.927427	C	0.0414247
H	0.031504	B	0.901724	C	0.066772
H	0.0302345	B	0.758282	C	0.211483
H	0.0516617	B	0.541555	C	0.406783
H	0.076667	B	0.280795	C	0.642538
H	0.0958232	B	0.141572	C	0.762605
H	0.129023	B	0.136567	C	0.73441
H	0.139519	B	0.172254	C	0.688227
H	0.150051	B	0.147678	C	0.702271
H	0.224065	B	0.09553	C	0.680405
H	0.59175	B	0.04723	C	0.36102
H	0.656037	B	0.0396858	C	0.304277
H	0.786557	B	0.064779	C	0.148664
H	0.786993	B	0.099771	C	0.113236
H	0.783815	B	0.103932	C	0.112253
H	0.788588	B	0.100085	C	0.111328
H	0.750628	B	0.129503	C	0.119869
H	0.750538	B	0.165088	C	0.0843746
H	0.731308	B	0.202212	C	0.0664806
H	0.716038	B	0.220035	C	0.0639273
H	0.6835	B	0.22145	C	0.0950503
H	0.635961	B	0.216925	C	0.147114
H	0.575987	B	0.205153	C	0.218861
H	0.541716	B	0.170076	C	0.288208
H	0.536397	B	0.101945	C	0.361657
H	0.611828	B	0.0683158	C	0.319857
H	0.574685	B	0.0794312	C	0.345883
H	0.369894	B	0.0833207	C	0.546785
H	0.067133	B	0.0602541	C	0.872613
H	0.0231018	B	0.067342	C	0.909556
H	0.025674	B	0.137521	C	0.836805
H	0.0718626	B	0.264481	C	0.663656
H	0.10328	B	0.418854	C	0.477866
H	0.117871	B	0.490318	C	0.391811
H	0.125969	B	0.55692	C	0.31711
H	0.10973	B	0.656078	C	0.234192
H	0.0938742	B	0.687226	C	0.2189
H	0.0782577	B	0.609834	C	0.311908
H	0.0481773	B	0.385326	C	0.566497
H	0.0284956	B	0.165712	C	0.805792
H	0.0390304	B	0.132149	C	0.82882
H	0.06351	B	0.103608	C	0.832882
H	0.422095	B	0.0846342	C	0.49327
H	0.535684	B	0.165239	C	0.299077
H	0.558774	B	0.26774	C	0.173485
H	0.551495	B	0.337357	C	0.111148
H	0.555041	B	0.352196	C	0.0927638
H	0.527355	B	0.353387	C	0.119258
H	0.494059	B	0.309785	C	0.196156
H	0.322014	B	0.253944	C	0.424041
H	0.0516416	B	0.0996691	C	0.848689
H	0.0203512	B	0.0623501	C	0.917299
H	0.0178566	B	0.134736	C	0.847407
H	0.0207956	B	0.31397	C	0.665235
H	0.0207607	B	0.808518	C	0.170721
H	0.0170775	B	0.939069	C	0.0438537
H	0.0165302	B	0.944615	C	0.0388549
H	0.0155605	B	0.888003	C	0.0964363
H	0.0145505	B	0.648998	C	0.336451
H	0.0162106	B	0.286467	C	0.697323
H	0.0273442	B	0.180908	C	0.791747
H	0.0476145	B	0.258278	C	0.694107
H	0.0785934	B	0.256895	C	0.664511
H	0.121798	B	0.191921	C	0.686281
H	0.113674	B	0.135448	C	0.750878
H	0.0993205	B	0.0788663	C	0.821813
H	0.0864206	B	0.0963226	C	0.817257
H	0.0775531	B	0.192536	C	0.729911
H	0.0719184	B	0.237288	C	0.690794
H	0.0721528	B	0.152902	C	0.774945
H	0.144428	B	0.113052	C	0.74252
H	0.197472	B	0.120817	C	0.68171
H	0.212428	B	0.18773	C	0.599842
H	0.209117	B	0.310152	C	0.480731
H	0.208816	B	0.493679	C	0.297505
H	0.212721	B	0.631561	C	0.155719
H	0.196207	B	0.712742	C	0.0910508
H	0.17524	B	0.74944	C	0.0753199
H	0.158835	B	0.744699	C	0.096466
H	0.154314	B	0.651093	C	0.194594
H	0.164123	B	0.452942	C	0.382935
H	0.156689	B	0.198747	C	0.644565
H	0.192605	B	0.114467	C	0.692928
H	0.178012	B	0.0779245	C	0.744064
H	0.166183	B	0.0814565	C	0.752361
H	0.196049	B	0.157207	C	0.646743
H	0.197916	B	0.356384	C	0.4457
H	0.203076	B	0.501714	C	0.29521
H	0.197922	B	0.607882	C	0.194196
H	0.205889	B	0.680306	C	0.113805
H	0.169646	B	0.706605	C	0.123749
H	0.139801	B	0.642115	C	0.218085
H	0.0903965	B	0.415426	C	0.494177
H	0.154117	B	0.191067	C	0.654817
H	0.239282	B	0.095834	C	0.664884
H	0.208973	B	0.0766483	C	0.714379
H	0.158894	B	0.111924	C	0.729182
H	0.163369	B	0.197905	C	0.638726
H	0.159898	B	0.256619	C	0.583482
H	0.10458	B	0.17803	C	0.71739
H	0.153949	B	0.106111	C	0.73994
H	0.158594	B	0.0783493	C	0.763057
H	0.178148	B	0.165084	C	0.656767
H	0.201624	B	0.435505	C	0.362871
H	0.190149	B	0.634377	C	0.175474
H	0.179749	B	0.691345	C	0.128906
H	0.121763	B	0.64093	C	0.237307
H	0.060184	B	0.487551	C	0.452265
H	0.0245239	B	0.163828	C	0.811648
H	0.105655	B	0.070225	C	0.82412
H	0.127848	B	0.120755	C	0.751397
H	0.12766	B	0.344644	C	0.527696
H	0.121517	B	0.600866	C	0.277617
H	0.121054	B	0.790027	C	0.0889187
H	0.126131	B	0.81281	C	0.0610588
H	0.125552	B	0.796562	C	0.0778862
H	0.112899	B	0.690376	C	0.196725
H	0.0820977	B	0.42987	C	0.488033
H	0.0909739	B	0.193816	C	0.71521
H	0.106127	B	0.0933079	C	0.800565
H	0.303643	B	0.0562203	C	0.640137
H	0.374609	B	0.0466628	C	0.578728
H	0.726948	B	0.0324314	C	0.24062
H	0.74559	B	0.031916	C	0.222494
H	0.727881	B	0.0346018	C	0.237517
H	0.694896	B	0.0320572	C	0.273046
H	0.61794	B	0.0228726	C	0.359187
H	0.606022	B	0.0162663	C	0.377712
H	0.883995	B	0.012719	C	0.103286
H	0.940617	B	0.0202133	C	0.03917
H	0.948935	B	0.0278501	C	0.0232148
H	0.949043	B	0.0335776	C	0.0173794
H	0.947585	B	0.033557	C	0.0188584
H	0.937297	B	0.0403611	C	0.0223422
H	0.920152	B	0.04258	C	0.0372677
H	0.867686	B	0.0462665	C	0.0860478
H	0.697236	B	0.0444709	C	0.258293
H	0.341416	B	0.0451155	C	0.613468
H	0.0357031	B	0.0430368	C	0.92126
H	0.080718	B	0.0991372	C	0.820145
H	0.106499	B	0.358853	C	0.534648
H	0.138711	B	0.547842	C	0.313447
H	0.133693	B	0.600957	C	0.26535
H	0.096739	B	0.511403	C	0.391858
H	0.0681843	B	0.313093	C	0.618723
H	0.0322088	B	0.137034	C	0.830757
H	0.0341634	B	0.100074	C	0.865763
H	0.035349	B	0.0535362	C	0.911115
H	0.292692	B	0.0276036	C	0.679704
H	0.36812	B	0.0259001	C	0.60598
H	0.523657	B	0.0525941	C	0.423749
H	0.650734	B	0.122542	C	0.226724
H	0.690808	B	0.178425	C	0.130767
H	0.696484	B	0.184231	C	0.119285
H	0.661615	B	0.159332	C	0.179053
H	0.494041	B	0.141951	C	0.364008
H	0.248106	B	0.0928408	C	0.659053
H	0.231962	B	0.0920837	C	0.675954
H	0.286199	B	0.17982	C	0.533981
H	0.315487	B	0.252823	C	0.43169
H	0.322125	B	0.29169	C	0.386185
H	0.29397	B	0.326251	C	0.379778
H	0.221699	B	0.308736	C	0.469565
H	0.154415	B	0.221581	C	0.624004
H	0.0577154	B	0.0961402	C	0.846144
H	0.402902	B	0.0514034	C	0.545695
H	0.428516	B	0.0753548	C	0.496129
H	0.443201	B	0.0896147	C	0.467185
H	0.365299	B	0.0930111	C	0.54169
H	0.369035	B	0.0685802	C	0.562385
H	0.349598	B	0.062249	C	0.588153
H	0.32238	B	0.0856727	C	0.591947
H	0.286548	B	0.0890212	C	0.624431
H	0.195374	B	0.0716379	C	0.732988
H	0.110265	B	0.0644926	C	0.825243
H	0.0281634	B	0.0475274	C	0.924309
H	0.128613	B	0.0306055	C	0.840782
H	0.308791	B	0.0482442	C	0.642965
H	0.377312	B	0.219589	C	0.403099
H	0.368086	B	0.381237	C	0.250677
H	0.32174	B	0.459567	C	0.218693
H	0.29705	B	0.455644	C	0.247307
H	0.256802	B	0.384171	C	0.359027
H	0.250746	B	0.241973	C	0.507282
H	0.221889	B	0.132416	C	0.645696
H	0.223504	B	0.169355	C	0.607142
H	0.189206	B	0.249704	C	0.56109
H	0.157399	B	0.342547	C	0.500054
H	0.149792	B	0.561598	C	0.28861
H	0.148531	B	0.723581	C	0.127888
H	0.138528	B	0.766816	C	0.0946558
H	0.173196	B	0.724845	C	0.101958
H	0.14663	B	0.65026	C	0.20311
H	0.114635	B	0.476809	C	0.408557
H	0.035813	B	0.181203	C	0.782984
H	0.144047	B	0.0656928	C	0.79026
H	0.470415	B	0.0423643	C	0.487221
H	0.560952	B	0.107435	C	0.331613
H	0.555434	B	0.18245	C	0.262115
H	0.508084	B	0.193492	C	0.298424
H	0.544575	B	0.154439	C	0.300986
H	0.526232	B	0.137893	C	0.335875
H	0.479068	B	0.128477	C	0.392455
H	0.395181	B	0.116733	C	0.488087
H	0.287325	B	0.104923	C	0.607752
H	0.242007	B	0.0948644	C	0.663128
H	0.181429	B	0.0731071	C	0.745464
H	0.213354	B	0.187189	C	0.599457
H	0.238008	B	0.509585	C	0.252407
H	0.233065	B	0.634749	C	0.132186
H	0.226742	B	0.644144	C	0.129114
H	0.215615	B	0.568595	C	0.21579
H	0.176287	B	0.393689	C	0.430024
H	0.188954	B	0.185148	C	0.625899
H	0.192378	B	0.135841	C	0.671781
H	0.16125	B	0.157731	C	0.681018
H	0.128554	B	0.478449	C	0.392996
H	0.0943046	B	0.773536	C	0.132159
H	0.0695516	B	0.892209	C	0.0382391
H	0.0712157	B	0.900181	C	0.0286034
H	0.076619	B	0.871091	C	0.05229
H	0.068624	B	0.723697	C	0.207679
H	0.0421144	B	0.35903	C	0.598855
H	0.0745633	B	0.144416	C	0.781021
H	0.108397	B	0.0587175	C	0.832886
H	0.201675	B	0.0326626	C	0.765663
H	0.390885	B	0.0245078	C	0.584607
H	0.688364	B	0.0199563	C	0.291679
H	0.820019	B	0.0208785	C	0.159102
H	0.84332	B	0.0212804	C	0.1354
H	0.888057	B	0.0214335	C	0.0905093
H	0.918637	B	0.0239225	C	0.0574404
H	0.92504	B	0.0263011	C	0.0486593
H	0.924078	B	0.0275777	C	0.048344
H	0.917882	B	0.0271939	C	0.0549243
H	0.892247	B	0.0283612	C	0.0793916
H	0.849564	B	0.0254658	C	0.12497
H	0.831352	B	0.0273263	C	0.141322
H	0.825901	B	0.0428325	C	0.131266
H	0.807565	B	0.0730657	C	0.119369
H	0.760638	B	0.103031	C	0.136331
H	0.660223	B	0.126577	C	0.2132
H	0.475907	B	0.140431	C	0.383662
H	0.255084	B	0.127904	C	0.617012
H	0.0231549	B	0.0428493	C	0.933996
H	0.33142	B	0.0244423	C	0.644138
H	0.337709	B	0.0258287	C	0.636462
H	0.347855	B	0.0358407	C	0.616304
H	0.28134	B	0.0624637	C	0.656197
H	0.19619	B	0.0630475	C	0.740763
H	0.127927	B	0.0966375	C	0.775436
H	0.0626404	B	0.145252	C	0.792107
H	0.0420108	B	0.146516	C	0.811473
H	0.0998629	B	0.254118	C	0.646019
H	0.163665	B	0.58407	C	0.252265
H	0.156675	B	0.724675	C	0.11865
H	0.172427	B	0.735491	C	0.0920822
H	0.150499	B	0.705417	C	0.144084
H	0.137933	B	0.562625	C	0.299442
H	0.092659	B	0.312573	C	0.594768
H	0.0372268	B	0.136116	C	0.826658
H	0.020077	B	0.134303	C	0.84562
H	0.0129422	B	0.0926507	C	0.894407
H	0.0360065	B	0.0474089	C	0.916585
H	0.175978	B	0.0498127	C	0.77421
H	0.245811	B	0.191341	C	0.562848
H	0.280852	B	0.40479	C	0.314357
H	0.24902	B	0.515991	C	0.234989
H	0.251455	B	0.564991	C	0.183554
H	0.251463	B	0.591794	C	0.156742
H	0.237379	B	0.600329	C	0.162293
H	0.154927	B	0.526875	C	0.318198
H	0.0531014	B	0.367426	C	0.579472
H	0.0510185	B	0.271927	C	0.677055
H	0.0489766	B	0.121971	C	0.829052
H	0.142071	B	0.0438362	C	0.814093
H	0.181276	B	0.0662865	C	0.752437
H	0.214624	B	0.215833	C	0.569544
H	0.153406	B	0.280713	C	0.565881
H	0.126173	B	0.260282	C	0.613544
H	0.197838	B	0.182005	C	0.620158
H	0.200101	B	0.0681851	C	0.731713
H	0.731983	B	0.0184903	C	0.249526
H	0.860266	B	0.012705	C	0.127029
H	0.886874	B	0.0117629	C	0.101363
H	0.940784	B	0.0127114	C	0.0465045
H	0.956264	B	0.0110631	C	0.0326729
H	0.958796	B	0.011267	C	0.0299372
H	0.956182	B	0.0101541	C	0.0336635
H	0.931261	B	0.0133408	C	0.0553985
H	0.797675	B	0.0171935	C	0.185131
H	0.518482	B	0.0183613	C	0.463157
H	0.00527125	B	0.00146561	C	0.993264
