H	0.00301183	B	0.00161236	C	0.995376
H	0.0366115	B	0.0273534	C	0.936035
H	0.112631	B	0.0355517	C	0.851817
H	0.291276	B	0.059492	C	0.649232
H	0.446745	B	0.136934	C	0.416321
H	0.488961	B	0.198776	C	0.312263
H	0.600991	B	0.238456	C	0.160553
H	0.656993	B	0.225355	C	0.117652
H	0.668264	B	0.16958	C	0.162157
H	0.689439	B	0.106576	C	0.203985
H	0.73076	B	0.088606	C	0.180634
H	0.754223	B	0.0763518	C	0.169425
H	0.718953	B	0.0653734	C	0.215674
H	0.807953	B	0.0461585	C	0.145888
H	0.805705	B	0.0355951	C	0.1587
H	0.772258	B	0.0327684	C	0.194974
H	0.77022	B	0.0299641	C	0.199816
H	0.730477	B	0.0313792	C	0.238143
H	0.636775	B	0.0230677	C	0.340157
H	0.57138	B	0.0224242	C	0.406195
H	0.608247	B	0.0429285	C	0.348825
H	0.650458	B	0.0591997	C	0.290342
H	0.66578	B	0.0503898	C	0.28383
H	0.745107	B	0.0600519	C	0.194841
H	0.777749	B	0.086581	C	0.13567
H	0.794085	B	0.0948102	C	0.111105
H	0.791956	B	0.110587	C	0.0974568
H	0.757413	B	0.120497	C	0.122091
H	0.675498	B	0.107169	C	0.217333
H	0.433649	B	0.0768184	C	0.489533
H	0.130247	B	0.0540743	C	0.815679
H	0.0774525	B	0.0543822	C	0.868165
H	0.142263	B	0.0706848	C	0.787052
H	0.196845	B	0.0528828	C	0.750272
H	0.214359	B	0.0397515	C	0.745889
H	0.282442	B	0.048989	C	0.668569
H	0.402446	B	0.0440931	C	0.55346
H	0.768978	B	0.0233464	C	0.207675
H	0.827751	B	0.0232693	C	0.148979
H	0.851346	B	0.0298823	C	0.118772
H	0.839341	B	0.0334278	C	0.127232
H	0.868849	B	0.0402379	C	0.0909129
H	0.872017	B	0.0428534	C	0.0851292
H	0.894147	B	0.0403502	C	0.0655032
H	0.93515	B	0.0230077	C	0.0418426
H	0.941228	B	0.0141752	C	0.0445967
H	0.956358	B	0.0115205	C	0.032122
H	0.957143	B	0.00856346	C	0.0342936
H	0.953041	B	0.0083466	C	0.038612
H	0.934107	B	0.00909661	C	0.0567963
H	0.910871	B	0.0127835	C	0.0763454
H	0.877932	B	0.0137873	C	0.10828
H	0.815605	B	0.0131205	C	0.171274
H	0.748686	B	0.0159079	C	0.235406
H	0.659517	B	0.0162929	C	0.32419
H	0.586481	B	0.0210074	C	0.392512
H	0.61247	B	0.0486629	C	0.338867
H	0.605939	B	0.145966	C	0.248095
H	0.515929	B	0.231583	C	0.252488
H	0.416247	B	0.261073	C	0.32268
H	0.275687	B	0.234148	C	0.490164
H	0.138304	B	0.112657	C	0.74904
H	0.0781427	B	0.0400065	C	0.881851
H	0.0378052	B	0.0244482	C	0.937747
H	0.217967	B	0.0277715	C	0.754262
H	0.25108	B	0.0749005	C	0.67402
H	0.281098	B	0.108463	C	0.610439
H	0.179877	B	0.0999925	C	0.72013
H	0.12533	B	0.0576098	C	0.81706
H	0.0953023	B	0.0351066	C	0.869591
H	0.0545561	B	0.0248051	C	0.920639
H	0.0972483	B	0.0226467	C	0.880105
H	0.205877	B	0.018554	C	0.775569
H	0.56278	B	0.0141268	C	0.423093
H	0.737825	B	0.0139135	C	0.248261
H	0.803486	B	0.016843	C	0.179671
H	0.920758	B	0.0152087	C	0.0640333
H	0.950927	B	0.0112782	C	0.037795
H	0.96102	B	0.0086861	C	0.0302934
H	0.968086	B	0.00636818	C	0.0255454
H	0.972034	B	0.00516877	C	0.0227977
H	0.972604	B	0.0045352	C	0.0228612
H	0.975304	B	0.00432171	C	0.0203746
H	0.976672	B	0.00420291	C	0.0191248
H	0.977547	B	0.00423559	C	0.0182173
H	0.97736	B	0.00477591	C	0.0178637
H	0.977168	B	0.00538323	C	0.017449
H	0.975849	B	0.00587577	C	0.0182748
H	0.971521	B	0.00734219	C	0.0211363
H	0.962037	B	0.00810823	C	0.0298545
H	0.933907	B	0.0112572	C	0.0548363
H	0.907218	B	0.00891238	C	0.0838698
H	0.847662	B	0.00773774	C	0.1446
H	0.796185	B	0.00787758	C	0.195938
H	0.736445	B	0.00925192	C	0.254303
H	0.686992	B	0.0103777	C	0.30263
H	0.596845	B	0.0116924	C	0.391462
H	0.53144	B	0.0169744	C	0.451586
H	0.547106	B	0.0372145	C	0.41568
H	0.629537	B	0.100052	C	0.270411
H	0.62496	B	0.180055	C	0.194985
H	0.635816	B	0.221134	C	0.14305
H	0.643394	B	0.218217	C	0.138389
H	0.61631	B	0.202117	C	0.181573
H	0.556802	B	0.143073	C	0.300125
H	0.440031	B	0.0606665	C	0.499303
H	0.452258	B	0.0287208	C	0.519021
H	0.382665	B	0.0359075	C	0.581428
H	0.355546	B	0.0835279	C	0.560926
H	0.372814	B	0.290692	C	0.336494
H	0.313874	B	0.457406	C	0.22872
H	0.264387	B	0.497605	C	0.238008
H	0.208907	B	0.400478	C	0.390615
H	0.175003	B	0.217655	C	0.607342
H	0.257785	B	0.072036	C	0.670179
H	0.311229	B	0.0269016	C	0.661869
H	0.272677	B	0.0261469	C	0.701176
H	0.305912	B	0.0305558	C	0.663532
H	0.494473	B	0.0277738	C	0.477753
H	0.718652	B	0.0224056	C	0.258942
H	0.817376	B	0.0167303	C	0.165893
H	0.868724	B	0.012604	C	0.118672
H	0.937735	B	0.00970717	C	0.0525577
H	0.958934	B	0.00812705	C	0.0329392
H	0.966183	B	0.0072262	C	0.026591
H	0.967611	B	0.00644388	C	0.0259454
H	0.96711	B	0.00565382	C	0.0272363
H	0.959585	B	0.00543725	C	0.0349774
H	0.962652	B	0.00531141	C	0.0320365
H	0.955791	B	0.00517609	C	0.0390326
H	0.948207	B	0.00572828	C	0.0460645
H	0.940268	B	0.00652755	C	0.0532041
H	0.906289	B	0.00744597	C	0.0862652
H	0.855016	B	0.00811513	C	0.136869
H	0.813511	B	0.0088213	C	0.177668
H	0.791572	B	0.0101112	C	0.198317
H	0.753644	B	0.0123121	C	0.234043
H	0.702334	B	0.0135265	C	0.284139
H	0.673248	B	0.0157149	C	0.311037
H	0.663459	B	0.0184801	C	0.31806
H	0.694872	B	0.0205203	C	0.284608
H	0.782165	B	0.0235759	C	0.194259
H	0.780863	B	0.0246678	C	0.194469
H	0.772838	B	0.0271849	C	0.199977
H	0.750776	B	0.0316954	C	0.217529
H	0.732997	B	0.0547419	C	0.212261
H	0.761593	B	0.080561	C	0.157847
H	0.773805	B	0.102055	C	0.124139
H	0.758837	B	0.106286	C	0.134877
H	0.649903	B	0.0965265	C	0.25357
H	0.411625	B	0.0828381	C	0.505537
H	0.154684	B	0.0304766	C	0.814839
H	0.200122	B	0.0158631	C	0.784015
H	0.271144	B	0.0225101	C	0.706346
H	0.331577	B	0.0185704	C	0.649853
H	0.906595	B	0.011049	C	0.0823559
H	0.943583	B	0.0109403	C	0.0454765
H	0.957159	B	0.0097244	C	0.033117
H	0.96218	B	0.00948853	C	0.0283312
H	0.964048	B	0.00832868	C	0.0276232
H	0.963262	B	0.00728645	C	0.0294515
H	0.96545	B	0.00647526	C	0.0280745
H	0.968553	B	0.00615524	C	0.0252921
H	0.969221	B	0.00549116	C	0.0252881
H	0.966801	B	0.00603731	C	0.0271621
H	0.964651	B	0.00611061	C	0.0292386
H	0.960427	B	0.00635093	C	0.033222
H	0.945743	B	0.0066325	C	0.0476244
H	0.930522	B	0.00699563	C	0.0624823
H	0.900461	B	0.00764692	C	0.0918918
H	0.821403	B	0.00853457	C	0.170062
H	0.656034	B	0.00957747	C	0.334388
H	0.408448	B	0.0135113	C	0.57804
H	0.133659	B	0.0194065	C	0.846934
H	0.172191	B	0.0254063	C	0.802403
H	0.654357	B	0.0764269	C	0.269216
H	0.739925	B	0.114476	C	0.145599
H	0.763931	B	0.137152	C	0.0989166
H	0.748736	B	0.162399	C	0.0888652
H	0.727092	B	0.15073	C	0.122178
H	0.693947	B	0.119899	C	0.186154
H	0.683623	B	0.0992166	C	0.21716
H	0.648475	B	0.0910824	C	0.260442
H	0.586175	B	0.0920748	C	0.32175
H	0.535564	B	0.129989	C	0.334447
H	0.436441	B	0.177659	C	0.3859
H	0.39403	B	0.229064	C	0.376906
H	0.503764	B	0.207852	C	0.288384
H	0.487763	B	0.21216	C	0.300077
H	0.453207	B	0.204043	C	0.342751
H	0.388241	B	0.141405	C	0.470354
H	0.384241	B	0.0743219	C	0.541437
H	0.433559	B	0.0393572	C	0.527084
H	0.623141	B	0.0393082	C	0.337551
H	0.620742	B	0.0509837	C	0.328274
H	0.636528	B	0.090992	C	0.27248
H	0.705189	B	0.156019	C	0.138792
H	0.702946	B	0.206965	C	0.0900891
H	0.69844	B	0.226623	C	0.0749368
H	0.684426	B	0.211306	C	0.104268
H	0.67131	B	0.163676	C	0.165014
H	0.645984	B	0.0902547	C	0.263761
H	0.579573	B	0.0455678	C	0.374859
H	0.4582	B	0.0364941	C	0.505306
H	0.278906	B	0.0311081	C	0.689986
H	0.312038	B	0.0374602	C	0.650502
H	0.485443	B	0.0730775	C	0.441479
H	0.575395	B	0.0699419	C	0.354663
H	0.777054	B	0.0519973	C	0.170949
H	0.792066	B	0.0485615	C	0.159372
H	0.765599	B	0.0463505	C	0.18805
H	0.73859	B	0.0246086	C	0.236802
H	0.863335	B	0.0147447	C	0.12192
H	0.900309	B	0.0153921	C	0.0842992
H	0.898695	B	0.0165549	C	0.0847503
H	0.8662	B	0.0164503	C	0.117349
H	0.801402	B	0.0192174	C	0.179381
H	0.767888	B	0.0303843	C	0.201728
H	0.754869	B	0.0537143	C	0.191417
H	0.720052	B	0.0908795	C	0.189068
H	0.681144	B	0.172372	C	0.146484
H	0.606429	B	0.254353	C	0.139218
H	0.46263	B	0.282878	C	0.254492
H	0.23276	B	0.21288	C	0.554361
H	0.203961	B	0.157987	C	0.638052
H	0.180079	B	0.10528	C	0.714641
H	0.204007	B	0.0887283	C	0.707265
H	0.358568	B	0.0772252	C	0.564206
H	0.424199	B	0.0975272	C	0.478274
H	0.43961	B	0.138468	C	0.421922
H	0.382439	B	0.173346	C	0.444215
H	0.368512	B	0.169059	C	0.462428
H	0.467841	B	0.128157	C	0.404002
H	0.61458	B	0.0819775	C	0.303443
H	0.666395	B	0.080027	C	0.253578
H	0.673856	B	0.0977879	C	0.228356
H	0.655641	B	0.127741	C	0.216618
H	0.637878	B	0.180042	C	0.18208
H	0.606267	B	0.211165	C	0.182569
H	0.562636	B	0.186644	C	0.25072
H	0.527108	B	0.121877	C	0.351015
H	0.464097	B	0.0828817	C	0.453021
H	0.512456	B	0.110373	C	0.377171
H	0.63476	B	0.223002	C	0.142238
H	0.642748	B	0.276721	C	0.0805311
H	0.65657	B	0.271803	C	0.0716268
H	0.684474	B	0.245998	C	0.0695289
H	0.688675	B	0.225821	C	0.0855037
H	0.671502	B	0.199283	C	0.129215
H	0.613483	B	0.160053	C	0.226465
H	0.406463	B	0.117051	C	0.476486
H	0.121181	B	0.0740356	C	0.804783
H	0.0609667	B	0.153959	C	0.785074
H	0.0652582	B	0.504467	C	0.430275
H	0.0473054	B	0.710443	C	0.242251
H	0.0497696	B	0.695188	C	0.255043
H	0.053782	B	0.528193	C	0.418025
H	0.0889256	B	0.304859	C	0.606215
H	0.117047	B	0.173222	C	0.709731
H	0.139461	B	0.153412	C	0.707127
H	0.180467	B	0.14415	C	0.675383
H	0.178715	B	0.138595	C	0.682691
H	0.245598	B	0.27926	C	0.475142
H	0.284635	B	0.447588	C	0.267777
H	0.286954	B	0.534984	C	0.178062
H	0.269388	B	0.603237	C	0.127376
H	0.239633	B	0.62853	C	0.131837
H	0.174543	B	0.562299	C	0.263157
H	0.0878863	B	0.345672	C	0.566441
H	0.069001	B	0.162882	C	0.768117
H	0.0635347	B	0.0984096	C	0.838056
H	0.0811912	B	0.181359	C	0.737449
H	0.0779899	B	0.464758	C	0.457252
H	0.0707858	B	0.741486	C	0.187728
H	0.0595986	B	0.849371	C	0.0910305
H	0.0548756	B	0.854831	C	0.0902938
H	0.048194	B	0.783633	C	0.168173
H	0.048313	B	0.548755	C	0.402932
H	0.0750433	B	0.350243	C	0.574714
H	0.117521	B	0.30036	C	0.58212
H	0.12662	B	0.24582	C	0.62756
H	0.0720497	B	0.12633	C	0.80162
H	0.07591	B	0.124447	C	0.799643
H	0.0950867	B	0.230599	C	0.674314
H	0.0986379	B	0.276733	C	0.624629
H	0.145481	B	0.317276	C	0.537244
H	0.109642	B	0.313754	C	0.576604
H	0.0533403	B	0.15684	C	0.789819
H	0.00323687	B	0.00213913	C	0.994624
