H	0.00345907	B	0.00195596	C	0.994585
H	0.0791672	B	0.088617	C	0.832216
H	0.132029	B	0.0922615	C	0.77571
H	0.345003	B	0.148199	C	0.506798
H	0.486535	B	0.151389	C	0.362076
H	0.558528	B	0.156875	C	0.284597
H	0.604873	B	0.145513	C	0.249614
H	0.699496	B	0.104377	C	0.196127
H	0.747477	B	0.0902122	C	0.162311
H	0.79171	B	0.0839218	C	0.124368
H	0.812228	B	0.0849653	C	0.102807
H	0.825745	B	0.0840372	C	0.0902174
H	0.823758	B	0.080432	C	0.0958095
H	0.802833	B	0.0971459	C	0.100021
H	0.79476	B	0.130205	C	0.075035
H	0.747519	B	0.162309	C	0.0901714
H	0.662211	B	0.190501	C	0.147288
H	0.566797	B	0.176359	C	0.256844
H	0.423828	B	0.116318	C	0.459855
H	0.391805	B	0.0543541	C	0.553841
H	0.349647	B	0.032068	C	0.618285
H	0.347598	B	0.0563534	C	0.596049
H	0.419065	B	0.134799	C	0.446136
H	0.435542	B	0.209369	C	0.355088
H	0.482356	B	0.295137	C	0.222507
H	0.513753	B	0.340638	C	0.145608
H	0.429474	B	0.366896	C	0.20363
H	0.320369	B	0.337083	C	0.342547
H	0.244618	B	0.263845	C	0.491538
H	0.165816	B	0.205434	C	0.628751
H	0.122419	B	0.184951	C	0.69263
H	0.118075	B	0.157069	C	0.724857
H	0.0868691	B	0.105621	C	0.80751
H	0.117931	B	0.10638	C	0.775689
H	0.086962	B	0.107228	C	0.80581
H	0.0590741	B	0.105563	C	0.835363
H	0.00303615	B	0.00211223	C	0.994852
