H	0.00324197	B	0.00217285	C	0.994585
H	0.0815269	B	0.17173	C	0.746743
H	0.105276	B	0.381785	C	0.512939
H	0.151414	B	0.463745	C	0.384842
H	0.129165	B	0.484213	C	0.386622
H	0.124181	B	0.361818	C	0.514001
H	0.12446	B	0.171887	C	0.703653
H	0.0827751	B	0.0989206	C	0.818304
H	0.0501965	B	0.158774	C	0.791029
H	0.0464522	B	0.371634	C	0.581914
H	0.0515725	B	0.589186	C	0.359242
H	0.0594153	B	0.613171	C	0.327413
H	0.0592832	B	0.536663	C	0.404054
H	0.0874079	B	0.444585	C	0.468007
H	0.0843743	B	0.477504	C	0.438122
H	0.0775393	B	0.67618	C	0.246281
H	0.0729978	B	0.830204	C	0.0967981
H	0.0661171	B	0.887576	C	0.046307
H	0.0634683	B	0.891413	C	0.0451183
H	0.0782971	B	0.84266	C	0.0790428
H	0.119536	B	0.692685	C	0.187779
H	0.165711	B	0.519522	C	0.314767
H	0.188694	B	0.363354	C	0.447952
H	0.160211	B	0.206229	C	0.633559
H	0.10742	B	0.119458	C	0.773122
H	0.105078	B	0.0983134	C	0.796609
H	0.10531	B	0.093659	C	0.801031
H	0.136192	B	0.172403	C	0.691404
H	0.110244	B	0.377411	C	0.512345
H	0.10011	B	0.653761	C	0.246129
H	0.0857733	B	0.83693	C	0.0772964
H	0.0944408	B	0.857754	C	0.0478047
H	0.0871309	B	0.849173	C	0.0636963
H	0.0892723	B	0.829963	C	0.0807649
H	0.100513	B	0.757875	C	0.141612
H	0.100966	B	0.638312	C	0.260722
H	0.0754214	B	0.432451	C	0.492127
H	0.0634195	B	0.507345	C	0.429236
H	0.0696623	B	0.75234	C	0.177998
H	0.0557637	B	0.756987	C	0.18725
H	0.0445121	B	0.627751	C	0.327737
H	0.00316305	B	0.0234758	C	0.973361
