H	0.00337201	B	0.00168079	C	0.994948
H	0.0572082	B	0.0181612	C	0.924631
H	0.047862	B	0.0157811	C	0.936357
H	0.185528	B	0.014796	C	0.799676
H	0.275553	B	0.0132836	C	0.711163
H	0.374189	B	0.0143086	C	0.611502
H	0.2885	B	0.0138855	C	0.697614
H	0.194813	B	0.020336	C	0.784851
H	0.0263633	B	0.0201565	C	0.95348
H	0.0262646	B	0.0154156	C	0.95832
H	0.0592319	B	0.00804771	C	0.93272
H	0.75615	B	0.00466913	C	0.23918
H	0.8364	B	0.00782995	C	0.15577
H	0.940046	B	0.00610235	C	0.0538516
H	0.959863	B	0.00656646	C	0.0335706
H	0.968848	B	0.00545977	C	0.0256921
H	0.970538	B	0.00466199	C	0.0248
H	0.967178	B	0.0041091	C	0.028713
H	0.97103	B	0.00376957	C	0.0252001
H	0.959493	B	0.0033939	C	0.0371127
H	0.933727	B	0.00288293	C	0.06339
H	0.944902	B	0.00285459	C	0.0522435
H	0.934296	B	0.00273018	C	0.0629734
H	0.925851	B	0.00269725	C	0.0714516
H	0.946187	B	0.0027987	C	0.0510144
H	0.963141	B	0.00285352	C	0.0340053
H	0.962121	B	0.00314542	C	0.0347336
H	0.955451	B	0.00267402	C	0.0418752
H	0.967676	B	0.00276011	C	0.0295642
H	0.974014	B	0.00259697	C	0.0233888
H	0.973992	B	0.00304559	C	0.0229626
H	0.975511	B	0.00331332	C	0.0211757
H	0.970703	B	0.00403058	C	0.0252668
H	0.951152	B	0.00423234	C	0.0446157
H	0.914404	B	0.00471498	C	0.0808813
H	0.882362	B	0.0049912	C	0.112647
H	0.81459	B	0.00586453	C	0.179545
H	0.715764	B	0.00659427	C	0.277641
H	0.592039	B	0.00719644	C	0.400764
H	0.44584	B	0.0116114	C	0.542548
H	0.344498	B	0.0176235	C	0.637878
H	0.409581	B	0.0134345	C	0.576985
H	0.552346	B	0.012733	C	0.434921
H	0.633807	B	0.0120212	C	0.354172
H	0.723697	B	0.00970771	C	0.266595
H	0.773511	B	0.00514721	C	0.221342
H	0.942003	B	0.00369892	C	0.0542982
H	0.962667	B	0.00334922	C	0.0339833
H	0.97385	B	0.00315827	C	0.0229913
H	0.978803	B	0.00262121	C	0.0185763
H	0.97088	B	0.00319486	C	0.0259249
H	0.961082	B	0.00340939	C	0.0355087
H	0.912442	B	0.00397688	C	0.0835807
H	0.820036	B	0.00378313	C	0.176181
H	0.755829	B	0.00398558	C	0.240186
H	0.693509	B	0.00422773	C	0.302263
H	0.799033	B	0.006369	C	0.194598
H	0.845188	B	0.0094356	C	0.145376
H	0.870127	B	0.0149799	C	0.114893
H	0.865338	B	0.0206462	C	0.114016
H	0.840666	B	0.0207086	C	0.138626
H	0.813363	B	0.020724	C	0.165913
H	0.787383	B	0.0226852	C	0.189932
H	0.763872	B	0.0218965	C	0.214231
H	0.744763	B	0.0274218	C	0.227815
H	0.756925	B	0.0369367	C	0.206138
H	0.770438	B	0.039312	C	0.19025
H	0.828402	B	0.0219876	C	0.14961
H	0.89315	B	0.0114334	C	0.0954164
H	0.919355	B	0.02135	C	0.059295
H	0.929778	B	0.0340587	C	0.036163
H	0.936688	B	0.0362499	C	0.0270616
H	0.921908	B	0.0435652	C	0.034527
H	0.887851	B	0.0454822	C	0.0666667
H	0.757089	B	0.0453765	C	0.197534
H	0.469163	B	0.0329832	C	0.497854
H	0.158282	B	0.0122106	C	0.829507
H	0.104697	B	0.0107637	C	0.88454
H	0.00317386	B	0.00139824	C	0.995428
