H	0.00354063	B	0.00283058	C	0.993629
H	0.022243	B	0.187551	C	0.790206
H	0.0201537	B	0.211847	C	0.767999
H	0.0128425	B	0.129521	C	0.857637
H	0.0255196	B	0.151392	C	0.823088
H	0.0243071	B	0.484491	C	0.491202
H	0.0195138	B	0.76293	C	0.217556
H	0.0164626	B	0.881924	C	0.101613
H	0.0165911	B	0.91475	C	0.0686592
H	0.0164356	B	0.865798	C	0.117766
H	0.0153611	B	0.732214	C	0.252425
H	0.0161429	B	0.532707	C	0.45115
H	0.0160261	B	0.281933	C	0.702041
H	0.0843214	B	0.184637	C	0.731042
H	0.157982	B	0.108302	C	0.733716
H	0.180858	B	0.111581	C	0.707562
H	0.11525	B	0.0856664	C	0.799083
H	0.0654387	B	0.0780167	C	0.856545
H	0.0849983	B	0.174652	C	0.74035
H	0.106339	B	0.314602	C	0.57906
H	0.104688	B	0.431239	C	0.464073
H	0.115209	B	0.634274	C	0.250517
H	0.105672	B	0.70382	C	0.190509
H	0.0991479	B	0.729327	C	0.171525
H	0.0967158	B	0.752144	C	0.151141
H	0.0892002	B	0.77495	C	0.13585
H	0.0879957	B	0.711846	C	0.200158
H	0.0639879	B	0.516925	C	0.419088
H	0.0257948	B	0.291972	C	0.682233
H	0.0209018	B	0.306754	C	0.672344
H	0.0142724	B	0.170679	C	0.815049
H	0.123274	B	0.108169	C	0.768557
H	0.151512	B	0.121599	C	0.726889
H	0.167756	B	0.269432	C	0.562812
H	0.12098	B	0.576314	C	0.302706
H	0.103133	B	0.747792	C	0.149076
H	0.125378	B	0.79447	C	0.080151
H	0.136052	B	0.763039	C	0.100909
H	0.152565	B	0.716937	C	0.130497
H	0.147225	B	0.589783	C	0.262993
H	0.142798	B	0.36675	C	0.490452
H	0.0762762	B	0.11921	C	0.804514
H	0.0505002	B	0.0669192	C	0.882581
H	0.0378469	B	0.229948	C	0.732205
H	0.0386315	B	0.658877	C	0.302491
H	0.0357612	B	0.804678	C	0.159561
H	0.0372937	B	0.827114	C	0.135593
H	0.0396382	B	0.82802	C	0.132342
H	0.0376702	B	0.779876	C	0.182453
H	0.0409659	B	0.695506	C	0.263528
H	0.0669586	B	0.528753	C	0.404288
H	0.0784341	B	0.331334	C	0.590232
H	0.0891309	B	0.296177	C	0.614692
H	0.0852897	B	0.346219	C	0.568491
H	0.0819773	B	0.430984	C	0.487038
H	0.0909358	B	0.412869	C	0.496196
H	0.0786368	B	0.25762	C	0.663743
H	0.095847	B	0.165149	C	0.739004
H	0.0833996	B	0.175079	C	0.741521
H	0.0777336	B	0.383824	C	0.538443
H	0.0577388	B	0.666862	C	0.275399
H	0.0557791	B	0.846481	C	0.0977403
H	0.0549903	B	0.901997	C	0.0430128
H	0.0524228	B	0.917905	C	0.0296722
H	0.0498702	B	0.916481	C	0.0336492
H	0.0485448	B	0.898028	C	0.0534269
H	0.0472763	B	0.836392	C	0.116332
H	0.049073	B	0.71491	C	0.236017
H	0.0450957	B	0.618842	C	0.336062
H	0.0308733	B	0.468381	C	0.500746
H	0.0183676	B	0.202958	C	0.778674
H	0.0905802	B	0.123911	C	0.785509
H	0.110868	B	0.0869477	C	0.802184
H	0.162537	B	0.105445	C	0.732018
H	0.165481	B	0.120136	C	0.714384
H	0.152299	B	0.159822	C	0.687879
H	0.148372	B	0.407772	C	0.443856
H	0.116441	B	0.625651	C	0.257907
H	0.0925328	B	0.703512	C	0.203955
H	0.0729443	B	0.732419	C	0.194636
H	0.0619103	B	0.772079	C	0.16601
H	0.0503836	B	0.744471	C	0.205145
H	0.0417203	B	0.674464	C	0.283816
H	0.0419564	B	0.722882	C	0.235162
H	0.0341529	B	0.745753	C	0.220094
H	0.0320656	B	0.718244	C	0.24969
H	0.0269209	B	0.545823	C	0.427256
H	0.0230554	B	0.31672	C	0.660224
H	0.0324849	B	0.144101	C	0.823414
H	0.0750332	B	0.162604	C	0.762362
H	0.0760475	B	0.507475	C	0.416477
H	0.0674355	B	0.731362	C	0.201202
H	0.0483653	B	0.774118	C	0.177517
H	0.0470409	B	0.763299	C	0.189661
H	0.0566036	B	0.67476	C	0.268637
H	0.0781866	B	0.453229	C	0.468584
H	0.10876	B	0.247278	C	0.643962
H	0.0838059	B	0.126049	C	0.790145
H	0.00302556	B	0.00264663	C	0.994328
