H	0.00604508	B	0.00171265	C	0.992242
H	0.322935	B	0.048328	C	0.628737
H	0.701479	B	0.073618	C	0.224903
H	0.773271	B	0.0936409	C	0.133088
H	0.790171	B	0.092276	C	0.117553
H	0.797662	B	0.0773675	C	0.124971
H	0.792706	B	0.0486776	C	0.158617
H	0.808555	B	0.0305795	C	0.160866
H	0.801906	B	0.0244074	C	0.173686
H	0.766397	B	0.0228006	C	0.210802
H	0.726194	B	0.019207	C	0.254599
H	0.690016	B	0.00994401	C	0.30004
H	0.699983	B	0.00715301	C	0.292864
H	0.856511	B	0.00657121	C	0.136917
H	0.926751	B	0.00694166	C	0.0663071
H	0.949158	B	0.00607866	C	0.0447637
H	0.969125	B	0.00606341	C	0.0248111
H	0.974301	B	0.00571436	C	0.0199846
H	0.968286	B	0.00625846	C	0.0254556
H	0.954298	B	0.00619944	C	0.039503
H	0.920972	B	0.00665412	C	0.0723742
H	0.867111	B	0.00623102	C	0.126658
H	0.8125	B	0.00587813	C	0.181622
H	0.796605	B	0.00677899	C	0.196616
H	0.787626	B	0.0110342	C	0.20134
H	0.758167	B	0.017249	C	0.224584
H	0.636476	B	0.0204047	C	0.34312
H	0.515253	B	0.0443325	C	0.440414
H	0.467703	B	0.101346	C	0.430951
H	0.335108	B	0.134121	C	0.530771
H	0.206184	B	0.0911745	C	0.702641
H	0.346142	B	0.0556673	C	0.598191
H	0.463354	B	0.0514808	C	0.485165
H	0.559307	B	0.0955624	C	0.34513
H	0.601309	B	0.140921	C	0.257771
H	0.588935	B	0.160597	C	0.250468
H	0.553427	B	0.141252	C	0.305321
H	0.480545	B	0.121513	C	0.397942
H	0.37646	B	0.0930669	C	0.530473
H	0.262043	B	0.0614746	C	0.676482
H	0.294321	B	0.0564292	C	0.64925
H	0.523013	B	0.0707136	C	0.406274
H	0.589801	B	0.0525061	C	0.357693
H	0.714592	B	0.0330262	C	0.252382
H	0.70129	B	0.0318467	C	0.266863
H	0.615153	B	0.0330367	C	0.35181
H	0.362826	B	0.039819	C	0.597355
H	0.0512383	B	0.0207719	C	0.92799
H	0.152536	B	0.0127404	C	0.834724
H	0.259054	B	0.0220058	C	0.718941
H	0.474581	B	0.0504786	C	0.47494
H	0.627928	B	0.111276	C	0.260796
H	0.700788	B	0.108224	C	0.190988
H	0.862299	B	0.0521429	C	0.0855579
H	0.941925	B	0.0210097	C	0.037065
H	0.949004	B	0.012877	C	0.0381187
H	0.946468	B	0.00888026	C	0.0446512
H	0.939915	B	0.00614656	C	0.053938
H	0.939401	B	0.00433675	C	0.0562621
H	0.932223	B	0.00305823	C	0.0647192
H	0.960607	B	0.00285568	C	0.0365375
H	0.971489	B	0.00286159	C	0.0256492
H	0.973911	B	0.00325941	C	0.0228298
H	0.973424	B	0.00310524	C	0.0234706
H	0.979955	B	0.00363001	C	0.0164149
H	0.977456	B	0.00455335	C	0.0179902
H	0.965924	B	0.00555083	C	0.028525
H	0.931434	B	0.0054924	C	0.0630741
H	0.756821	B	0.00632315	C	0.236856
H	0.370192	B	0.00744949	C	0.622359
H	0.176644	B	0.00881382	C	0.814543
H	0.121048	B	0.0100397	C	0.868913
H	0.261828	B	0.0115722	C	0.726599
H	0.52622	B	0.0148595	C	0.45892
H	0.692713	B	0.0111898	C	0.296097
H	0.768603	B	0.010713	C	0.220684
H	0.887437	B	0.00814799	C	0.104415
H	0.927988	B	0.00612471	C	0.0658875
H	0.950328	B	0.00519366	C	0.0444783
H	0.963478	B	0.00460586	C	0.0319159
H	0.961258	B	0.00431486	C	0.0344276
H	0.941972	B	0.00467028	C	0.0533582
H	0.894816	B	0.00475672	C	0.100427
H	0.862265	B	0.00635891	C	0.131376
H	0.73881	B	0.00849361	C	0.252696
H	0.498392	B	0.0109235	C	0.490685
H	0.428474	B	0.0152818	C	0.556244
H	0.249115	B	0.0237265	C	0.727159
H	0.0474909	B	0.0172327	C	0.935276
H	0.027449	B	0.0279775	C	0.944573
H	0.0155136	B	0.0197613	C	0.964725
H	0.3053	B	0.0130652	C	0.681635
H	0.361691	B	0.02191	C	0.616399
H	0.351481	B	0.060324	C	0.588195
H	0.166999	B	0.119759	C	0.713243
H	0.0706807	B	0.105322	C	0.823998
H	0.172001	B	0.077983	C	0.750016
H	0.125251	B	0.0396703	C	0.835079
H	0.057	B	0.0289208	C	0.914079
H	0.0328519	B	0.0300744	C	0.937074
H	0.125571	B	0.0327991	C	0.84163
H	0.227068	B	0.0361043	C	0.736828
H	0.216076	B	0.0305915	C	0.753333
H	0.00429297	B	0.00221622	C	0.993491
