H	0.00341776	B	0.00219888	C	0.994383
H	0.162324	B	0.118403	C	0.719273
H	0.288555	B	0.139218	C	0.572227
H	0.333317	B	0.186208	C	0.480475
H	0.324945	B	0.271999	C	0.403056
H	0.272857	B	0.290083	C	0.43706
H	0.234083	B	0.315125	C	0.450792
H	0.200978	B	0.350776	C	0.448246
H	0.129498	B	0.367347	C	0.503155
H	0.105251	B	0.386684	C	0.508065
H	0.203537	B	0.484089	C	0.312373
H	0.208865	B	0.573692	C	0.217443
H	0.190411	B	0.610126	C	0.199463
H	0.153793	B	0.558716	C	0.287491
H	0.113092	B	0.485359	C	0.401549
H	0.100604	B	0.491205	C	0.40819
H	0.0912082	B	0.540428	C	0.368364
H	0.0788648	B	0.51161	C	0.409526
H	0.0654165	B	0.589643	C	0.344941
H	0.0730747	B	0.721432	C	0.205493
H	0.0825572	B	0.774545	C	0.142897
H	0.105693	B	0.779212	C	0.115095
H	0.102367	B	0.75632	C	0.141312
H	0.0842916	B	0.69336	C	0.222348
H	0.0614716	B	0.570155	C	0.368373
H	0.0664612	B	0.332681	C	0.600857
H	0.468888	B	0.0984686	C	0.432643
H	0.544458	B	0.0461517	C	0.40939
H	0.563288	B	0.071839	C	0.364873
H	0.453468	B	0.135936	C	0.410596
H	0.364855	B	0.234544	C	0.400602
H	0.244694	B	0.433432	C	0.321873
H	0.10066	B	0.546748	C	0.352592
H	0.0320334	B	0.63401	C	0.333956
H	0.0321862	B	0.799216	C	0.168597
H	0.0301502	B	0.880889	C	0.0889606
H	0.0273597	B	0.8837	C	0.0889399
H	0.0285559	B	0.877334	C	0.0941101
H	0.0288539	B	0.849728	C	0.121418
H	0.0304842	B	0.731033	C	0.238483
H	0.0298782	B	0.469154	C	0.500968
H	0.0313809	B	0.197417	C	0.771202
H	0.0354292	B	0.139192	C	0.825379
H	0.0328294	B	0.165048	C	0.802122
H	0.0275864	B	0.270654	C	0.701759
H	0.0247865	B	0.584578	C	0.390635
H	0.0251067	B	0.751136	C	0.223757
H	0.0304322	B	0.727878	C	0.24169
H	0.0371066	B	0.667675	C	0.295219
H	0.0372622	B	0.66994	C	0.292798
H	0.0307779	B	0.625736	C	0.343486
H	0.0196533	B	0.416331	C	0.564015
H	0.0198701	B	0.152227	C	0.827903
H	0.221598	B	0.0568614	C	0.721541
H	0.569382	B	0.0270236	C	0.403595
H	0.623482	B	0.027793	C	0.348725
H	0.66218	B	0.0568546	C	0.280965
H	0.682221	B	0.0910364	C	0.226743
H	0.695468	B	0.0664905	C	0.238042
H	0.73592	B	0.0628147	C	0.201265
H	0.867926	B	0.0480809	C	0.083993
H	0.89151	B	0.0490435	C	0.0594467
H	0.892325	B	0.0590565	C	0.0486182
H	0.897272	B	0.0607874	C	0.0419408
H	0.878866	B	0.0660103	C	0.0551236
H	0.834035	B	0.0626168	C	0.103348
H	0.708571	B	0.0709719	C	0.220457
H	0.359255	B	0.0802309	C	0.560514
H	0.0289374	B	0.0547824	C	0.91628
H	0.0121223	B	0.041165	C	0.946713
H	0.081268	B	0.0637975	C	0.854934
H	0.159059	B	0.13762	C	0.70332
H	0.179288	B	0.248335	C	0.572376
H	0.14477	B	0.425812	C	0.429418
H	0.0995424	B	0.520955	C	0.379503
H	0.0928754	B	0.463109	C	0.444016
H	0.166534	B	0.392429	C	0.441037
H	0.152244	B	0.35966	C	0.488096
H	0.13116	B	0.330803	C	0.538038
H	0.103496	B	0.279679	C	0.616825
H	0.112479	B	0.188533	C	0.698988
H	0.182397	B	0.108139	C	0.709464
H	0.275716	B	0.151776	C	0.572508
H	0.274072	B	0.296192	C	0.429737
H	0.258793	B	0.424463	C	0.316744
H	0.274939	B	0.478093	C	0.246968
H	0.262772	B	0.486795	C	0.250433
H	0.264631	B	0.506563	C	0.228807
H	0.233319	B	0.500319	C	0.266362
H	0.209136	B	0.498598	C	0.292265
H	0.198361	B	0.449257	C	0.352382
H	0.151443	B	0.353036	C	0.49552
H	0.103673	B	0.347082	C	0.549245
H	0.0655222	B	0.498648	C	0.435829
H	0.0534304	B	0.648165	C	0.298405
H	0.0353709	B	0.677406	C	0.287223
H	0.0255915	B	0.54457	C	0.429839
H	0.00288003	B	0.014566	C	0.982554
