H	0.00321735	B	0.00162909	C	0.995154
H	0.0555637	B	0.0290258	C	0.91541
H	0.0768317	B	0.0257524	C	0.897416
H	0.481191	B	0.00941854	C	0.509391
H	0.635249	B	0.00975605	C	0.354995
H	0.759078	B	0.018572	C	0.22235
H	0.865644	B	0.0400319	C	0.0943239
H	0.888704	B	0.0560128	C	0.0552829
H	0.894627	B	0.070067	C	0.035306
H	0.892842	B	0.0768464	C	0.0303118
H	0.868374	B	0.0872305	C	0.0443957
H	0.828623	B	0.0805866	C	0.09079
H	0.786531	B	0.0748349	C	0.138634
H	0.728815	B	0.0571055	C	0.21408
H	0.619241	B	0.0505022	C	0.330257
H	0.637564	B	0.0667209	C	0.295715
H	0.632803	B	0.105393	C	0.261804
H	0.651625	B	0.12575	C	0.222625
H	0.681438	B	0.107271	C	0.211291
H	0.641275	B	0.106348	C	0.252377
H	0.619855	B	0.100753	C	0.279392
H	0.533202	B	0.0661105	C	0.400687
H	0.456103	B	0.0343336	C	0.509564
H	0.434313	B	0.0248918	C	0.540795
H	0.52203	B	0.0174167	C	0.460553
H	0.713713	B	0.0423379	C	0.243949
H	0.780815	B	0.120806	C	0.0983789
H	0.795185	B	0.167319	C	0.0374959
H	0.811349	B	0.168039	C	0.0206119
H	0.806622	B	0.173157	C	0.0202207
H	0.793409	B	0.178325	C	0.0282664
H	0.779877	B	0.146613	C	0.0735095
H	0.63215	B	0.108692	C	0.259158
H	0.340005	B	0.0552987	C	0.604696
H	0.0823248	B	0.0252218	C	0.892453
H	0.0278802	B	0.012986	C	0.959134
H	0.640859	B	0.0075199	C	0.351621
H	0.748093	B	0.0105754	C	0.241331
H	0.82725	B	0.0131953	C	0.159555
H	0.894359	B	0.0156545	C	0.0899868
H	0.892827	B	0.015498	C	0.0916748
H	0.877789	B	0.0138861	C	0.108324
H	0.862029	B	0.0126588	C	0.125312
H	0.829001	B	0.0115034	C	0.159495
H	0.792204	B	0.013401	C	0.194395
H	0.757563	B	0.0172801	C	0.225157
H	0.699709	B	0.0225657	C	0.277725
H	0.620858	B	0.0306517	C	0.34849
H	0.567647	B	0.0359687	C	0.396384
H	0.536682	B	0.0351369	C	0.428182
H	0.588396	B	0.031708	C	0.379896
H	0.825266	B	0.0190484	C	0.155685
H	0.842986	B	0.0191437	C	0.137871
H	0.849183	B	0.0194277	C	0.13139
H	0.79849	B	0.0197605	C	0.18175
H	0.762794	B	0.0169361	C	0.22027
H	0.741277	B	0.0124148	C	0.246308
H	0.7561	B	0.00883373	C	0.235066
H	0.847072	B	0.00805531	C	0.144873
H	0.859226	B	0.0086278	C	0.132146
H	0.880991	B	0.009743	C	0.109266
H	0.860795	B	0.00977393	C	0.129431
H	0.781625	B	0.0110141	C	0.207361
H	0.577673	B	0.00927428	C	0.413053
H	0.418381	B	0.0177824	C	0.563836
H	0.514485	B	0.0913782	C	0.394137
H	0.681286	B	0.245136	C	0.0735785
H	0.682581	B	0.284136	C	0.0332822
H	0.713822	B	0.260393	C	0.0257851
H	0.731793	B	0.224457	C	0.0437505
H	0.734631	B	0.15561	C	0.10976
H	0.746238	B	0.0747964	C	0.178966
H	0.778881	B	0.0342912	C	0.186828
H	0.777894	B	0.0345724	C	0.187533
H	0.81612	B	0.0635004	C	0.120379
H	0.781405	B	0.0742941	C	0.144301
H	0.703577	B	0.0620855	C	0.234337
H	0.562443	B	0.0474299	C	0.390127
H	0.269979	B	0.0249162	C	0.705105
H	0.0852708	B	0.0165648	C	0.898164
H	0.122864	B	0.0372425	C	0.839893
H	0.19454	B	0.0751311	C	0.730329
H	0.667117	B	0.0753824	C	0.2575
H	0.734724	B	0.0703973	C	0.194879
H	0.711279	B	0.0789119	C	0.209809
H	0.704282	B	0.0744292	C	0.221289
H	0.749713	B	0.0488019	C	0.201485
H	0.803237	B	0.0389824	C	0.157781
H	0.814743	B	0.0301282	C	0.155129
H	0.788111	B	0.0278901	C	0.183999
H	0.748856	B	0.0257657	C	0.225379
H	0.682169	B	0.0233619	C	0.29447
H	0.609436	B	0.0230246	C	0.36754
H	0.538305	B	0.0221587	C	0.439537
H	0.488476	B	0.02414	C	0.487384
H	0.445018	B	0.0348089	C	0.520173
H	0.27623	B	0.040254	C	0.683516
H	0.207969	B	0.0706796	C	0.721351
H	0.153969	B	0.0678512	C	0.77818
H	0.274211	B	0.0640846	C	0.661705
H	0.827963	B	0.0424487	C	0.129588
H	0.87815	B	0.0375043	C	0.0843455
H	0.917454	B	0.0325845	C	0.049961
H	0.933271	B	0.0298547	C	0.0368744
H	0.929205	B	0.0301685	C	0.0406269
H	0.921114	B	0.02447	C	0.0544163
H	0.901463	B	0.0181774	C	0.0803593
H	0.895622	B	0.00873865	C	0.0956397
H	0.922272	B	0.00707984	C	0.0706478
H	0.945809	B	0.0146871	C	0.0395039
H	0.945253	B	0.0324652	C	0.0222817
H	0.949406	B	0.032946	C	0.0176484
H	0.942441	B	0.0354507	C	0.0221083
H	0.925266	B	0.0402171	C	0.0345171
H	0.864027	B	0.0422457	C	0.0937277
H	0.69806	B	0.0341331	C	0.267807
H	0.443631	B	0.0230066	C	0.533362
H	0.200456	B	0.0223087	C	0.777235
H	0.0164507	B	0.0144819	C	0.969067
H	0.141361	B	0.0136062	C	0.845033
H	0.184194	B	0.0199601	C	0.795846
H	0.299516	B	0.0307995	C	0.669685
H	0.312104	B	0.0556271	C	0.632269
H	0.333195	B	0.0382607	C	0.628544
H	0.517712	B	0.0286709	C	0.453617
H	0.561191	B	0.0195072	C	0.419301
H	0.820944	B	0.00965439	C	0.169401
H	0.879525	B	0.00793779	C	0.112538
H	0.910339	B	0.00667165	C	0.0829897
H	0.947192	B	0.0051774	C	0.0476309
H	0.968467	B	0.00452921	C	0.0270035
H	0.975873	B	0.00379981	C	0.0203276
H	0.979813	B	0.00314649	C	0.0170406
H	0.982725	B	0.00288927	C	0.0143862
H	0.982654	B	0.00275264	C	0.0145935
H	0.981482	B	0.00279665	C	0.0157209
H	0.974965	B	0.00286518	C	0.0221696
H	0.952339	B	0.00300425	C	0.044657
H	0.942615	B	0.00292072	C	0.0544647
H	0.937453	B	0.00277407	C	0.0597733
H	0.954872	B	0.00285455	C	0.0422733
H	0.97682	B	0.00304403	C	0.0201364
H	0.979526	B	0.00303899	C	0.0174347
H	0.978308	B	0.00324341	C	0.0184481
H	0.974761	B	0.00348139	C	0.0217578
H	0.964783	B	0.00430383	C	0.0309133
H	0.939629	B	0.00469218	C	0.0556785
H	0.871687	B	0.00604078	C	0.122272
H	0.571351	B	0.00870263	C	0.419946
H	0.13292	B	0.0107863	C	0.856294
H	0.111002	B	0.0206137	C	0.868385
H	0.0697954	B	0.0216181	C	0.908587
H	0.00415964	B	0.00199339	C	0.993847
