H	0.00296685	B	0.00168509	C	0.995348
H	0.0399133	B	0.127316	C	0.83277
H	0.0459199	B	0.310586	C	0.643494
H	0.0522134	B	0.425058	C	0.522729
H	0.053477	B	0.583023	C	0.3635
H	0.0594516	B	0.708437	C	0.232111
H	0.0643812	B	0.780942	C	0.154677
H	0.0722161	B	0.801167	C	0.126617
H	0.0734352	B	0.744138	C	0.182427
H	0.0681942	B	0.64064	C	0.291166
H	0.0617424	B	0.442679	C	0.495579
H	0.0572578	B	0.229486	C	0.713256
H	0.126897	B	0.0691873	C	0.803915
H	0.528924	B	0.0195989	C	0.451477
H	0.595555	B	0.0233378	C	0.381107
H	0.701846	B	0.0344576	C	0.263697
H	0.713536	B	0.0546562	C	0.231808
H	0.759189	B	0.0751123	C	0.165698
H	0.777786	B	0.084438	C	0.137776
H	0.795783	B	0.0964457	C	0.107771
H	0.81286	B	0.095113	C	0.0920273
H	0.812336	B	0.0939998	C	0.0936642
H	0.793936	B	0.0834149	C	0.122649
H	0.764708	B	0.0683187	C	0.166973
H	0.698535	B	0.0590755	C	0.24239
H	0.62954	B	0.078267	C	0.292193
H	0.594082	B	0.129365	C	0.276552
H	0.49331	B	0.186569	C	0.320121
H	0.319222	B	0.202901	C	0.477878
H	0.140562	B	0.167079	C	0.69236
H	0.0124716	B	0.065286	C	0.922242
H	0.0132346	B	0.0497952	C	0.93697
H	0.0250338	B	0.146575	C	0.828391
H	0.0794901	B	0.489004	C	0.431506
H	0.0999792	B	0.592375	C	0.307645
H	0.109133	B	0.622588	C	0.268279
H	0.0735968	B	0.616496	C	0.309907
H	0.0576928	B	0.452898	C	0.489409
H	0.0547338	B	0.247127	C	0.698139
H	0.0575331	B	0.0952765	C	0.84719
H	0.0622078	B	0.0438479	C	0.893944
H	0.573143	B	0.0381839	C	0.388673
H	0.744165	B	0.0913406	C	0.164494
H	0.803554	B	0.119958	C	0.0764877
H	0.809526	B	0.139787	C	0.0506876
H	0.83587	B	0.138052	C	0.0260776
H	0.840945	B	0.133367	C	0.0256882
H	0.831373	B	0.137269	C	0.0313575
H	0.823284	B	0.12748	C	0.0492361
H	0.78722	B	0.10765	C	0.10513
H	0.687641	B	0.0678185	C	0.24454
H	0.461547	B	0.0386482	C	0.499805
H	0.339071	B	0.0468399	C	0.614089
H	0.218057	B	0.0733969	C	0.708546
H	0.181539	B	0.154636	C	0.663825
H	0.169152	B	0.483732	C	0.347116
H	0.134491	B	0.681149	C	0.18436
H	0.110254	B	0.679824	C	0.209923
H	0.0833165	B	0.536139	C	0.380545
H	0.0710452	B	0.232846	C	0.696109
H	0.138449	B	0.122361	C	0.73919
H	0.165144	B	0.250652	C	0.584204
H	0.18452	B	0.596499	C	0.218981
H	0.195383	B	0.686406	C	0.11821
H	0.217333	B	0.654324	C	0.128342
H	0.207509	B	0.56875	C	0.223741
H	0.147303	B	0.361651	C	0.491046
H	0.0754396	B	0.208338	C	0.716222
H	0.0678967	B	0.196166	C	0.735937
H	0.0791011	B	0.16442	C	0.756479
H	0.170909	B	0.168462	C	0.660629
H	0.227767	B	0.21865	C	0.553583
H	0.222111	B	0.271427	C	0.506462
H	0.211449	B	0.264234	C	0.524317
H	0.208585	B	0.227173	C	0.564242
H	0.330871	B	0.220104	C	0.449025
H	0.373598	B	0.300114	C	0.326288
H	0.387573	B	0.350108	C	0.262319
H	0.424593	B	0.388388	C	0.187019
H	0.427515	B	0.428578	C	0.143906
H	0.383823	B	0.430589	C	0.185589
H	0.294427	B	0.372736	C	0.332837
H	0.135114	B	0.254038	C	0.610848
H	0.127028	B	0.199049	C	0.673924
H	0.117249	B	0.208032	C	0.674719
H	0.0890642	B	0.182316	C	0.72862
H	0.0365152	B	0.114402	C	0.849083
H	0.0755358	B	0.0904355	C	0.834029
H	0.0943492	B	0.145473	C	0.760178
H	0.099802	B	0.287203	C	0.612995
H	0.0870382	B	0.512906	C	0.400056
H	0.0741863	B	0.734332	C	0.191481
H	0.0656543	B	0.847986	C	0.0863599
H	0.0505893	B	0.904421	C	0.0449893
H	0.0475678	B	0.922485	C	0.0299475
H	0.0461361	B	0.922319	C	0.0315445
H	0.046594	B	0.906717	C	0.046689
H	0.0494636	B	0.832432	C	0.118104
H	0.0540177	B	0.61075	C	0.335232
H	0.0521646	B	0.249282	C	0.698554
H	0.0537727	B	0.0664736	C	0.879754
H	0.0995017	B	0.0964652	C	0.804033
H	0.152884	B	0.337019	C	0.510097
H	0.205831	B	0.490416	C	0.303753
H	0.23771	B	0.458585	C	0.303705
H	0.455379	B	0.333023	C	0.211598
H	0.498383	B	0.247759	C	0.253859
H	0.515845	B	0.225082	C	0.259073
H	0.505347	B	0.187153	C	0.3075
H	0.461781	B	0.143282	C	0.394937
H	0.415449	B	0.114212	C	0.470339
H	0.426966	B	0.137896	C	0.435139
H	0.450347	B	0.180527	C	0.369126
H	0.432096	B	0.198932	C	0.368972
H	0.393267	B	0.178749	C	0.427984
H	0.395536	B	0.182209	C	0.422255
H	0.386354	B	0.162763	C	0.450883
H	0.382253	B	0.161985	C	0.455762
H	0.395458	B	0.228277	C	0.376265
H	0.397826	B	0.288826	C	0.313348
H	0.374557	B	0.269673	C	0.355769
H	0.332255	B	0.22212	C	0.445625
H	0.203835	B	0.171811	C	0.624354
H	0.0826723	B	0.159017	C	0.75831
H	0.0605281	B	0.231027	C	0.708445
H	0.0400871	B	0.313566	C	0.646347
H	0.0411417	B	0.290831	C	0.668027
H	0.0519026	B	0.25511	C	0.692987
H	0.20803	B	0.260941	C	0.531029
H	0.202789	B	0.252452	C	0.544759
H	0.179951	B	0.254811	C	0.565238
H	0.176383	B	0.292787	C	0.53083
H	0.217223	B	0.251791	C	0.530986
H	0.275628	B	0.215017	C	0.509355
H	0.329179	B	0.246896	C	0.423924
H	0.290831	B	0.27201	C	0.43716
H	0.210901	B	0.229646	C	0.559453
H	0.147042	B	0.189245	C	0.663713
H	0.0894799	B	0.129751	C	0.780769
H	0.0224765	B	0.0510205	C	0.926503
H	0.0229855	B	0.0290569	C	0.947958
H	0.0802182	B	0.025591	C	0.894191
H	0.356483	B	0.0317474	C	0.611769
H	0.617197	B	0.0339585	C	0.348845
H	0.790657	B	0.0534899	C	0.155854
H	0.832206	B	0.0755343	C	0.0922597
H	0.853821	B	0.0843391	C	0.06184
H	0.874912	B	0.080052	C	0.0450359
H	0.863015	B	0.0939638	C	0.0430215
H	0.842586	B	0.106147	C	0.0512668
H	0.812781	B	0.111519	C	0.0756993
H	0.772346	B	0.107257	C	0.120397
H	0.667983	B	0.104755	C	0.227262
H	0.535641	B	0.103469	C	0.360891
H	0.38037	B	0.113084	C	0.506546
H	0.282683	B	0.15254	C	0.564777
H	0.148644	B	0.191887	C	0.659469
H	0.0369098	B	0.152171	C	0.810919
H	0.042497	B	0.0968496	C	0.860653
H	0.0851578	B	0.0517588	C	0.863083
H	0.153257	B	0.0608111	C	0.785932
H	0.144541	B	0.0617943	C	0.793665
H	0.242393	B	0.0539571	C	0.70365
H	0.161772	B	0.0585343	C	0.779694
H	0.234334	B	0.0854989	C	0.680167
H	0.248779	B	0.0907255	C	0.660495
H	0.305565	B	0.0753805	C	0.619055
H	0.381096	B	0.139612	C	0.479292
H	0.489592	B	0.24483	C	0.265578
H	0.487408	B	0.308937	C	0.203655
H	0.510724	B	0.344739	C	0.144537
H	0.494508	B	0.337254	C	0.168238
H	0.410358	B	0.308544	C	0.281098
H	0.289672	B	0.233682	C	0.476646
H	0.173781	B	0.14111	C	0.685109
H	0.14513	B	0.106294	C	0.748575
H	0.108249	B	0.0882671	C	0.803484
H	0.156074	B	0.116171	C	0.727755
H	0.163784	B	0.175731	C	0.660484
H	0.179216	B	0.331959	C	0.488825
H	0.143162	B	0.413896	C	0.442942
H	0.13826	B	0.438587	C	0.423153
H	0.12021	B	0.419809	C	0.459981
H	0.0856524	B	0.304884	C	0.609463
H	0.0704943	B	0.168141	C	0.761365
H	0.0715218	B	0.118889	C	0.809589
H	0.0746721	B	0.104018	C	0.82131
H	0.136317	B	0.123134	C	0.740549
H	0.208799	B	0.24496	C	0.546241
H	0.235985	B	0.314964	C	0.449051
H	0.233457	B	0.27805	C	0.488493
H	0.398039	B	0.20867	C	0.393291
H	0.421069	B	0.153116	C	0.425815
H	0.437537	B	0.137485	C	0.424978
H	0.463376	B	0.206929	C	0.329695
H	0.497604	B	0.310151	C	0.192245
H	0.498318	B	0.354519	C	0.147164
H	0.474218	B	0.354927	C	0.170855
H	0.437946	B	0.32284	C	0.239214
H	0.371154	B	0.271539	C	0.357307
H	0.207451	B	0.113986	C	0.678564
H	0.109133	B	0.0466016	C	0.844265
H	0.0828092	B	0.0671003	C	0.850091
H	0.063966	B	0.130099	C	0.805935
H	0.0619136	B	0.287394	C	0.650692
H	0.064636	B	0.745743	C	0.189621
H	0.0707782	B	0.831877	C	0.0973451
H	0.0713105	B	0.852063	C	0.0766262
H	0.0670605	B	0.811575	C	0.121365
H	0.0783577	B	0.632512	C	0.28913
H	0.117158	B	0.39984	C	0.483002
H	0.164908	B	0.271247	C	0.563845
H	0.203263	B	0.306315	C	0.490422
H	0.262169	B	0.342503	C	0.395328
H	0.348	B	0.303882	C	0.348118
H	0.381155	B	0.248717	C	0.370128
H	0.363741	B	0.18688	C	0.449379
H	0.355357	B	0.0969479	C	0.547695
H	0.36498	B	0.0568988	C	0.578121
H	0.440738	B	0.0406197	C	0.518642
H	0.569213	B	0.0429181	C	0.387869
H	0.541651	B	0.0485524	C	0.409796
H	0.518928	B	0.0585876	C	0.422485
H	0.484692	B	0.0611621	C	0.454146
H	0.419185	B	0.0651492	C	0.515666
H	0.431421	B	0.155474	C	0.413105
H	0.415228	B	0.294836	C	0.289936
H	0.393967	B	0.404066	C	0.201967
H	0.330211	B	0.455941	C	0.213848
H	0.215178	B	0.43836	C	0.346462
H	0.0388666	B	0.245241	C	0.715892
H	0.0646654	B	0.11055	C	0.824785
H	0.124568	B	0.0431548	C	0.832277
H	0.152861	B	0.0356487	C	0.81149
H	0.0975368	B	0.0667848	C	0.835678
H	0.0639097	B	0.125767	C	0.810323
H	0.0538383	B	0.129857	C	0.816304
H	0.170705	B	0.13562	C	0.693675
H	0.392	B	0.116451	C	0.491549
H	0.454403	B	0.104281	C	0.441316
H	0.483866	B	0.135099	C	0.381035
H	0.426268	B	0.157228	C	0.416504
H	0.367525	B	0.154715	C	0.477759
H	0.341695	B	0.163164	C	0.495142
H	0.275835	B	0.200027	C	0.524138
H	0.282063	B	0.271536	C	0.4464
H	0.284924	B	0.327684	C	0.387391
H	0.216787	B	0.338407	C	0.444806
H	0.14356	B	0.343898	C	0.512542
H	0.044446	B	0.194124	C	0.76143
H	0.0734168	B	0.110784	C	0.815799
H	0.14618	B	0.130312	C	0.723508
H	0.196562	B	0.302791	C	0.500647
H	0.191521	B	0.528155	C	0.280324
H	0.184987	B	0.685972	C	0.129041
H	0.187262	B	0.72596	C	0.0867787
H	0.188273	B	0.682635	C	0.129092
H	0.181702	B	0.594418	C	0.223879
H	0.174665	B	0.43721	C	0.388125
H	0.14889	B	0.219868	C	0.631241
H	0.0947667	B	0.0720166	C	0.833217
H	0.128762	B	0.0363262	C	0.834912
H	0.310854	B	0.0305275	C	0.658619
H	0.736761	B	0.0193627	C	0.243877
H	0.841722	B	0.0162512	C	0.142027
H	0.922937	B	0.0196241	C	0.0574385
H	0.955345	B	0.0165779	C	0.0280773
H	0.967988	B	0.0115423	C	0.0204699
H	0.974743	B	0.00808413	C	0.0171728
H	0.977686	B	0.00682842	C	0.0154852
H	0.978278	B	0.00644384	C	0.0152779
H	0.976182	B	0.00626648	C	0.0175511
H	0.971276	B	0.00651236	C	0.0222112
H	0.962185	B	0.00721215	C	0.0306026
H	0.946539	B	0.00827498	C	0.0451863
H	0.910505	B	0.0105311	C	0.0789635
H	0.835785	B	0.0131347	C	0.15108
H	0.607308	B	0.0174951	C	0.375197
H	0.191776	B	0.0209634	C	0.78726
H	0.164792	B	0.0324873	C	0.80272
H	0.122387	B	0.0406728	C	0.83694
H	0.0922831	B	0.0554626	C	0.852254
H	0.0312927	B	0.048369	C	0.920338
H	0.0844271	B	0.0808689	C	0.834704
H	0.100088	B	0.329776	C	0.570135
H	0.100571	B	0.618474	C	0.280954
H	0.0690902	B	0.734946	C	0.195964
H	0.0554787	B	0.763481	C	0.18104
H	0.0358297	B	0.631995	C	0.332176
H	0.0167896	B	0.387607	C	0.595603
H	0.0156364	B	0.179946	C	0.804418
H	0.0822416	B	0.0878689	C	0.82989
H	0.135485	B	0.0475017	C	0.817013
H	0.181038	B	0.0564252	C	0.762537
H	0.224566	B	0.110243	C	0.665191
H	0.26742	B	0.223499	C	0.509081
H	0.27489	B	0.311853	C	0.413257
H	0.274327	B	0.435789	C	0.289884
H	0.237912	B	0.494293	C	0.267795
H	0.216123	B	0.474015	C	0.309862
H	0.190624	B	0.373702	C	0.435674
H	0.205386	B	0.210489	C	0.584125
H	0.209431	B	0.184641	C	0.605927
H	0.199522	B	0.280032	C	0.520446
H	0.162875	B	0.34454	C	0.492585
H	0.111298	B	0.336524	C	0.552178
H	0.126317	B	0.348178	C	0.525505
H	0.0984094	B	0.355666	C	0.545925
H	0.0534031	B	0.309059	C	0.637538
H	0.0179342	B	0.165188	C	0.816878
H	0.0276448	B	0.065428	C	0.906927
H	0.124808	B	0.0672916	C	0.8079
H	0.163091	B	0.156151	C	0.680758
H	0.169573	B	0.19951	C	0.630918
H	0.145635	B	0.161936	C	0.692429
H	0.153881	B	0.163745	C	0.682374
H	0.165031	B	0.260278	C	0.574691
H	0.197505	B	0.405563	C	0.396932
H	0.222808	B	0.483677	C	0.293515
H	0.232537	B	0.389946	C	0.377518
H	0.23606	B	0.215661	C	0.548279
H	0.370527	B	0.112709	C	0.516764
H	0.519439	B	0.111956	C	0.368606
H	0.633399	B	0.160754	C	0.205847
H	0.679977	B	0.202661	C	0.117363
H	0.712752	B	0.200369	C	0.0868798
H	0.741964	B	0.180086	C	0.0779502
H	0.752925	B	0.164577	C	0.0824988
H	0.742015	B	0.139199	C	0.118785
H	0.700276	B	0.0990612	C	0.200662
H	0.64731	B	0.068725	C	0.283965
H	0.567119	B	0.0590972	C	0.373784
H	0.464646	B	0.0508689	C	0.484486
H	0.368542	B	0.0376753	C	0.593783
H	0.68493	B	0.0328476	C	0.282223
H	0.761975	B	0.0523957	C	0.185629
H	0.776455	B	0.087983	C	0.135562
H	0.752621	B	0.119719	C	0.12766
H	0.701391	B	0.123811	C	0.174797
H	0.596604	B	0.113641	C	0.289755
H	0.434306	B	0.120919	C	0.444775
H	0.247417	B	0.165757	C	0.586826
H	0.136019	B	0.266562	C	0.597418
H	0.0985632	B	0.556799	C	0.344637
H	0.0763458	B	0.830083	C	0.093571
H	0.0810467	B	0.879457	C	0.0394964
H	0.0829945	B	0.880175	C	0.0368306
H	0.0870696	B	0.824626	C	0.0883045
H	0.108695	B	0.665804	C	0.225501
H	0.111564	B	0.413503	C	0.474933
H	0.1237	B	0.167485	C	0.708815
H	0.426746	B	0.0843708	C	0.488883
H	0.555149	B	0.0965097	C	0.348341
H	0.606699	B	0.131917	C	0.261384
H	0.605858	B	0.158155	C	0.235987
H	0.601788	B	0.167891	C	0.230321
H	0.563819	B	0.166341	C	0.26984
H	0.496112	B	0.135192	C	0.368696
H	0.431307	B	0.121609	C	0.447083
H	0.402202	B	0.146228	C	0.451569
H	0.348055	B	0.174206	C	0.477738
H	0.222097	B	0.169473	C	0.60843
H	0.0906344	B	0.151027	C	0.758338
H	0.0843795	B	0.187486	C	0.728134
H	0.0698793	B	0.220254	C	0.709867
H	0.0668742	B	0.218003	C	0.715123
H	0.0417451	B	0.260393	C	0.697862
H	0.0367027	B	0.492949	C	0.470348
H	0.032403	B	0.7258	C	0.241797
H	0.0295449	B	0.750814	C	0.219641
H	0.0366574	B	0.647105	C	0.316237
H	0.0400731	B	0.475771	C	0.484156
H	0.0657058	B	0.314066	C	0.620228
H	0.116102	B	0.184255	C	0.699643
H	0.125004	B	0.151934	C	0.723062
H	0.162563	B	0.130933	C	0.706504
H	0.342852	B	0.0938743	C	0.563273
H	0.483101	B	0.0888476	C	0.428052
H	0.515842	B	0.132864	C	0.351294
H	0.51467	B	0.278639	C	0.20669
H	0.539719	B	0.390873	C	0.0694082
H	0.525699	B	0.434321	C	0.0399798
H	0.494978	B	0.467259	C	0.0377627
H	0.479515	B	0.466242	C	0.0542431
H	0.400917	B	0.43258	C	0.166503
H	0.266729	B	0.278068	C	0.455203
H	0.147276	B	0.123726	C	0.728999
H	0.183137	B	0.125869	C	0.690993
H	0.205638	B	0.164765	C	0.629597
H	0.208699	B	0.216467	C	0.574835
H	0.224059	B	0.368826	C	0.407115
H	0.200053	B	0.464102	C	0.335845
H	0.158752	B	0.4525	C	0.388748
H	0.111716	B	0.335456	C	0.552828
H	0.0693075	B	0.169674	C	0.761018
H	0.0521565	B	0.120225	C	0.827618
H	0.0499203	B	0.271648	C	0.678431
H	0.0578316	B	0.700119	C	0.242049
H	0.0588287	B	0.830232	C	0.110939
H	0.0599963	B	0.804037	C	0.135966
H	0.0627761	B	0.663748	C	0.273476
H	0.0927462	B	0.380272	C	0.526982
H	0.140137	B	0.181893	C	0.67797
H	0.185805	B	0.182227	C	0.631968
H	0.140063	B	0.202999	C	0.656938
H	0.09518	B	0.208318	C	0.696502
H	0.168961	B	0.299116	C	0.531923
H	0.335397	B	0.32071	C	0.343893
H	0.406094	B	0.3226	C	0.271306
H	0.429062	B	0.37796	C	0.192978
H	0.429022	B	0.361951	C	0.209026
H	0.457189	B	0.273592	C	0.269219
H	0.463829	B	0.218525	C	0.317646
H	0.438605	B	0.162488	C	0.398907
H	0.395813	B	0.138365	C	0.465822
H	0.353768	B	0.138414	C	0.507818
H	0.307766	B	0.135273	C	0.55696
H	0.271721	B	0.12326	C	0.605018
H	0.206197	B	0.125826	C	0.667977
H	0.137203	B	0.101265	C	0.761532
H	0.0626071	B	0.0793219	C	0.858071
H	0.0171869	B	0.0417087	C	0.941104
H	0.0215961	B	0.0360505	C	0.942353
H	0.0204365	B	0.0339492	C	0.945614
H	0.0966759	B	0.0435633	C	0.859761
H	0.114308	B	0.0954477	C	0.790244
H	0.151272	B	0.2001	C	0.648628
H	0.0760395	B	0.253112	C	0.670849
H	0.0507974	B	0.218328	C	0.730875
H	0.0361709	B	0.17757	C	0.786259
H	0.0704287	B	0.172335	C	0.757236
H	0.112825	B	0.214409	C	0.672766
H	0.105924	B	0.228346	C	0.66573
H	0.0948665	B	0.343312	C	0.561821
H	0.0766038	B	0.633894	C	0.289503
H	0.0638324	B	0.810141	C	0.126026
H	0.054472	B	0.880362	C	0.0651658
H	0.0496259	B	0.909952	C	0.0404216
H	0.0478375	B	0.913748	C	0.0384149
H	0.0426054	B	0.911851	C	0.0455436
H	0.0417889	B	0.873051	C	0.0851597
H	0.0419831	B	0.734045	C	0.223972
H	0.0398692	B	0.431721	C	0.52841
H	0.0437879	B	0.16077	C	0.795442
H	0.0549161	B	0.0905764	C	0.854508
H	0.06476	B	0.186827	C	0.748413
H	0.0655478	B	0.42577	C	0.508682
H	0.0617341	B	0.567659	C	0.370607
H	0.0710214	B	0.622398	C	0.30658
H	0.132455	B	0.591919	C	0.275625
H	0.132682	B	0.510482	C	0.356836
H	0.131241	B	0.454706	C	0.414053
H	0.103614	B	0.384296	C	0.51209
H	0.0820421	B	0.262426	C	0.655532
H	0.0749241	B	0.168985	C	0.756091
H	0.0976605	B	0.228802	C	0.673538
H	0.115909	B	0.325687	C	0.558404
H	0.128665	B	0.386273	C	0.485062
H	0.150148	B	0.417646	C	0.432205
H	0.167202	B	0.485804	C	0.346994
H	0.183374	B	0.510182	C	0.306443
H	0.215896	B	0.499112	C	0.284992
H	0.227325	B	0.483355	C	0.28932
H	0.220659	B	0.39998	C	0.379362
H	0.232205	B	0.245551	C	0.522243
H	0.23662	B	0.180576	C	0.582804
H	0.163406	B	0.136538	C	0.700056
H	0.088144	B	0.143013	C	0.768843
H	0.068323	B	0.234445	C	0.697232
H	0.0530937	B	0.315762	C	0.631144
H	0.0812752	B	0.299888	C	0.618837
H	0.0968863	B	0.272864	C	0.63025
H	0.189914	B	0.398615	C	0.411471
H	0.184962	B	0.508552	C	0.306487
H	0.192023	B	0.597677	C	0.2103
H	0.165794	B	0.645977	C	0.188228
H	0.142214	B	0.609553	C	0.248233
H	0.105979	B	0.414593	C	0.479428
H	0.106399	B	0.229518	C	0.664083
H	0.0935484	B	0.143356	C	0.763095
H	0.0660315	B	0.129488	C	0.804481
H	0.0756918	B	0.229675	C	0.694633
H	0.071293	B	0.355421	C	0.573286
H	0.0941888	B	0.408321	C	0.497491
H	0.234929	B	0.360155	C	0.404916
H	0.273331	B	0.288866	C	0.437803
H	0.308818	B	0.316957	C	0.374225
H	0.297677	B	0.36486	C	0.337462
H	0.27357	B	0.366991	C	0.359438
H	0.244066	B	0.318637	C	0.437297
H	0.215947	B	0.275808	C	0.508245
H	0.176722	B	0.264673	C	0.558605
H	0.0887661	B	0.220357	C	0.690876
H	0.0294858	B	0.118245	C	0.85227
H	0.0316699	B	0.0655034	C	0.902827
H	0.031037	B	0.0371184	C	0.931845
H	0.0414254	B	0.0535395	C	0.905035
H	0.0295527	B	0.0498893	C	0.920558
H	0.184703	B	0.0496411	C	0.765656
H	0.215172	B	0.0742874	C	0.710541
H	0.214914	B	0.119189	C	0.665897
H	0.165938	B	0.255017	C	0.579045
H	0.151694	B	0.574568	C	0.273737
H	0.148733	B	0.697203	C	0.154064
H	0.157887	B	0.774567	C	0.0675458
H	0.150994	B	0.783284	C	0.0657222
H	0.114902	B	0.766925	C	0.118173
H	0.0766084	B	0.674199	C	0.249193
H	0.0491318	B	0.36696	C	0.583908
H	0.083336	B	0.161757	C	0.754907
H	0.148166	B	0.113331	C	0.738502
H	0.136779	B	0.0945194	C	0.768701
H	0.106081	B	0.0834284	C	0.810491
H	0.11654	B	0.138869	C	0.744591
H	0.10386	B	0.219983	C	0.676158
H	0.0746759	B	0.334455	C	0.590869
H	0.0459598	B	0.378478	C	0.575563
H	0.0229873	B	0.273184	C	0.703829
H	0.0364646	B	0.187197	C	0.776338
H	0.0697331	B	0.0887241	C	0.841543
H	0.159813	B	0.0672247	C	0.772962
H	0.193959	B	0.077679	C	0.728362
H	0.231236	B	0.167539	C	0.601225
H	0.253337	B	0.297016	C	0.449646
H	0.275142	B	0.393475	C	0.331383
H	0.275361	B	0.382562	C	0.342077
H	0.26578	B	0.306753	C	0.427466
H	0.366092	B	0.278027	C	0.355882
H	0.410075	B	0.240312	C	0.349613
H	0.461425	B	0.218232	C	0.320342
H	0.506078	B	0.267779	C	0.226143
H	0.54208	B	0.349192	C	0.108728
H	0.543491	B	0.378952	C	0.0775566
H	0.535032	B	0.362877	C	0.102091
H	0.519357	B	0.33862	C	0.142023
H	0.503879	B	0.282677	C	0.213444
H	0.451311	B	0.185836	C	0.362852
H	0.316538	B	0.102215	C	0.581248
H	0.162026	B	0.0545459	C	0.783428
H	0.0651254	B	0.0596165	C	0.875258
H	0.0484578	B	0.172836	C	0.778707
H	0.0371762	B	0.674891	C	0.287933
H	0.0360857	B	0.809304	C	0.15461
H	0.0386417	B	0.845392	C	0.115966
H	0.0382238	B	0.796157	C	0.165619
H	0.0342318	B	0.654355	C	0.311413
H	0.0390735	B	0.569772	C	0.391155
H	0.0583068	B	0.680346	C	0.261348
H	0.0715187	B	0.780985	C	0.147496
H	0.0840356	B	0.788223	C	0.127741
H	0.082134	B	0.71162	C	0.206246
H	0.0724795	B	0.583995	C	0.343525
H	0.0570586	B	0.309532	C	0.633409
H	0.0575335	B	0.125558	C	0.816909
H	0.0612468	B	0.0527117	C	0.886041
H	0.0824563	B	0.0333757	C	0.884168
H	0.127863	B	0.0406837	C	0.831453
H	0.212899	B	0.0441081	C	0.742993
H	0.453826	B	0.0424379	C	0.503736
H	0.722342	B	0.0532784	C	0.22438
H	0.784182	B	0.0625863	C	0.153232
H	0.804154	B	0.0706832	C	0.125163
H	0.80347	B	0.0638673	C	0.132662
H	0.750125	B	0.0509972	C	0.198878
H	0.670867	B	0.0479443	C	0.281189
H	0.580589	B	0.0542744	C	0.365137
H	0.516664	B	0.0776335	C	0.405702
H	0.50552	B	0.10662	C	0.38786
H	0.363273	B	0.109034	C	0.527693
H	0.316363	B	0.186661	C	0.496976
H	0.323497	B	0.448404	C	0.228099
H	0.296382	B	0.613829	C	0.0897885
H	0.291412	B	0.661754	C	0.0468342
H	0.286844	B	0.655919	C	0.0572375
H	0.247822	B	0.602401	C	0.149777
H	0.202106	B	0.466717	C	0.331177
H	0.12605	B	0.180751	C	0.693199
H	0.0682141	B	0.0550281	C	0.876758
H	0.0513435	B	0.0913422	C	0.857314
H	0.048627	B	0.17137	C	0.780003
H	0.0424378	B	0.175789	C	0.781773
H	0.0923654	B	0.218213	C	0.689422
H	0.233746	B	0.273823	C	0.492431
H	0.27944	B	0.279646	C	0.440914
H	0.373962	B	0.265226	C	0.360812
H	0.368738	B	0.246031	C	0.385231
H	0.34105	B	0.275731	C	0.383219
H	0.313782	B	0.319607	C	0.366612
H	0.267392	B	0.35651	C	0.376098
H	0.282239	B	0.441659	C	0.276102
H	0.300313	B	0.468471	C	0.231216
H	0.248446	B	0.44506	C	0.306494
H	0.178546	B	0.384032	C	0.437422
H	0.0667043	B	0.161602	C	0.771693
H	0.111804	B	0.0698997	C	0.818297
H	0.160425	B	0.0558151	C	0.783759
H	0.270355	B	0.153336	C	0.576309
H	0.315458	B	0.303676	C	0.380866
H	0.363887	B	0.405236	C	0.230877
H	0.401812	B	0.394403	C	0.203786
H	0.410552	B	0.287525	C	0.301923
H	0.482381	B	0.16871	C	0.348909
H	0.59379	B	0.0806866	C	0.325523
H	0.641882	B	0.0395572	C	0.318561
H	0.788088	B	0.0304187	C	0.181494
H	0.878909	B	0.0293866	C	0.0917046
H	0.913698	B	0.026167	C	0.0601349
H	0.93103	B	0.0223947	C	0.0465749
H	0.942035	B	0.0207325	C	0.0372328
H	0.945479	B	0.0224817	C	0.0320394
H	0.936254	B	0.0347756	C	0.0289702
H	0.931417	B	0.0426368	C	0.0259464
H	0.914741	B	0.0503048	C	0.0349544
H	0.882562	B	0.0525154	C	0.0649225
H	0.839833	B	0.04953	C	0.110637
H	0.770739	B	0.0457172	C	0.183544
H	0.714417	B	0.0554412	C	0.230142
H	0.661075	B	0.058217	C	0.280708
H	0.611136	B	0.0962398	C	0.292624
H	0.452199	B	0.130415	C	0.417386
H	0.231734	B	0.101106	C	0.667161
H	0.172631	B	0.108018	C	0.719352
H	0.102009	B	0.0755591	C	0.822431
H	0.0999092	B	0.0487865	C	0.851304
H	0.0795881	B	0.0612927	C	0.859119
H	0.0863323	B	0.0811283	C	0.832539
H	0.0430124	B	0.0525473	C	0.90444
H	0.185942	B	0.0373438	C	0.776714
H	0.273524	B	0.0645335	C	0.661943
H	0.341692	B	0.262928	C	0.39538
H	0.303795	B	0.44302	C	0.253185
H	0.273827	B	0.524101	C	0.202072
H	0.261636	B	0.548136	C	0.190228
H	0.2256	B	0.502548	C	0.271852
H	0.231053	B	0.370821	C	0.398126
H	0.280596	B	0.20511	C	0.514294
H	0.30527	B	0.119017	C	0.575713
H	0.326792	B	0.116654	C	0.556554
H	0.343597	B	0.152674	C	0.503729
H	0.333116	B	0.239134	C	0.42775
H	0.330413	B	0.357494	C	0.312093
H	0.290989	B	0.393595	C	0.315416
H	0.236592	B	0.348424	C	0.414983
H	0.165884	B	0.180396	C	0.65372
H	0.187801	B	0.0655067	C	0.746693
H	0.325863	B	0.035943	C	0.638194
H	0.626494	B	0.0615826	C	0.311924
H	0.707069	B	0.126492	C	0.16644
H	0.72663	B	0.171935	C	0.101435
H	0.750102	B	0.189893	C	0.0600048
H	0.744466	B	0.196909	C	0.0586253
H	0.701403	B	0.204416	C	0.094181
H	0.615993	B	0.170892	C	0.213114
H	0.363367	B	0.107499	C	0.529134
H	0.127075	B	0.0510622	C	0.821863
H	0.153107	B	0.0830014	C	0.763891
H	0.187296	B	0.190379	C	0.622325
H	0.264005	B	0.266274	C	0.469721
H	0.430537	B	0.287747	C	0.281716
H	0.478096	B	0.298954	C	0.222949
H	0.447617	B	0.302285	C	0.250098
H	0.370904	B	0.284878	C	0.344219
H	0.26428	B	0.203341	C	0.532379
H	0.173328	B	0.0914446	C	0.735227
H	0.373457	B	0.0725714	C	0.553971
H	0.400745	B	0.210875	C	0.38838
H	0.399306	B	0.345081	C	0.255613
H	0.37324	B	0.400054	C	0.226706
H	0.366859	B	0.378184	C	0.254956
H	0.361966	B	0.343095	C	0.294939
H	0.377026	B	0.333277	C	0.289696
H	0.373832	B	0.290612	C	0.335556
H	0.341749	B	0.217187	C	0.441064
H	0.370995	B	0.148406	C	0.4806
H	0.375249	B	0.134414	C	0.490337
H	0.334579	B	0.133263	C	0.532157
H	0.20243	B	0.0905485	C	0.707022
H	0.134808	B	0.0558662	C	0.809326
H	0.217142	B	0.0410963	C	0.741761
H	0.422999	B	0.0243971	C	0.552604
H	0.730609	B	0.0158922	C	0.253499
H	0.887274	B	0.0190893	C	0.0936368
H	0.926724	B	0.0236858	C	0.0495898
H	0.948562	B	0.018404	C	0.0330335
H	0.955639	B	0.0147127	C	0.0296479
H	0.94697	B	0.0160788	C	0.0369508
H	0.940372	B	0.0139884	C	0.0456397
H	0.903734	B	0.0154329	C	0.0808328
H	0.768486	B	0.0197572	C	0.211757
H	0.458257	B	0.0265962	C	0.515147
H	0.00344205	B	0.00140326	C	0.995155
