H	0.00350232	B	0.00150249	C	0.994995
H	0.349993	B	0.0347532	C	0.615254
H	0.436824	B	0.118248	C	0.444928
H	0.484053	B	0.286806	C	0.229142
H	0.454712	B	0.448113	C	0.0971753
H	0.478815	B	0.471802	C	0.0493826
H	0.502705	B	0.455753	C	0.041542
H	0.499421	B	0.428233	C	0.0723463
H	0.52981	B	0.356448	C	0.113742
H	0.56824	B	0.265078	C	0.166683
H	0.559603	B	0.222389	C	0.218008
H	0.546207	B	0.196515	C	0.257278
H	0.478064	B	0.173248	C	0.348688
H	0.354483	B	0.104208	C	0.541309
H	0.200166	B	0.0561735	C	0.743661
H	0.0880016	B	0.0593859	C	0.852613
H	0.0189178	B	0.0553214	C	0.925761
H	0.0214536	B	0.07177	C	0.906776
H	0.0166269	B	0.0617615	C	0.921612
H	0.0373517	B	0.048078	C	0.91457
H	0.114236	B	0.0494347	C	0.83633
H	0.115541	B	0.0538281	C	0.830631
H	0.088941	B	0.163649	C	0.74741
H	0.0849532	B	0.491699	C	0.423348
H	0.0891598	B	0.709844	C	0.200996
H	0.100588	B	0.749099	C	0.150314
H	0.129658	B	0.704021	C	0.166321
H	0.132846	B	0.524038	C	0.343116
H	0.494669	B	0.202374	C	0.302957
H	0.569852	B	0.0822781	C	0.34787
H	0.637383	B	0.0816295	C	0.280988
H	0.729566	B	0.104914	C	0.16552
H	0.758336	B	0.109877	C	0.131786
H	0.757132	B	0.135063	C	0.107804
H	0.735422	B	0.14826	C	0.116318
H	0.515105	B	0.15858	C	0.326315
H	0.186031	B	0.134863	C	0.679107
H	0.144595	B	0.147435	C	0.70797
H	0.159046	B	0.144007	C	0.696946
H	0.759419	B	0.0778886	C	0.162693
H	0.798938	B	0.0625193	C	0.138543
H	0.810988	B	0.0707801	C	0.118232
H	0.788568	B	0.0863147	C	0.125118
H	0.798481	B	0.0852499	C	0.116269
H	0.777603	B	0.0771927	C	0.145204
H	0.738747	B	0.0500729	C	0.21118
H	0.717867	B	0.0296772	C	0.252455
H	0.70938	B	0.0185918	C	0.272028
H	0.842416	B	0.0175404	C	0.140044
H	0.889613	B	0.0215318	C	0.0888548
H	0.894797	B	0.0230146	C	0.0821883
H	0.888074	B	0.0230402	C	0.088886
H	0.867299	B	0.024022	C	0.108679
H	0.803153	B	0.0248679	C	0.171979
H	0.693661	B	0.0220047	C	0.284334
H	0.599146	B	0.0165212	C	0.384333
H	0.65443	B	0.0156409	C	0.329929
H	0.698884	B	0.0204566	C	0.280659
H	0.834758	B	0.0375549	C	0.127687
H	0.858309	B	0.064762	C	0.0769287
H	0.831939	B	0.0923422	C	0.0757188
H	0.783305	B	0.104965	C	0.11173
H	0.652757	B	0.116719	C	0.230524
H	0.468425	B	0.0761157	C	0.455459
H	0.303963	B	0.0613452	C	0.634692
H	0.281798	B	0.141463	C	0.576739
H	0.29238	B	0.319656	C	0.387964
H	0.312904	B	0.398702	C	0.288394
H	0.322363	B	0.396356	C	0.281281
H	0.313776	B	0.404793	C	0.281431
H	0.272637	B	0.448976	C	0.278387
H	0.264333	B	0.534956	C	0.200711
H	0.270783	B	0.608531	C	0.120686
H	0.260397	B	0.664322	C	0.0752805
H	0.250579	B	0.671918	C	0.0775032
H	0.224513	B	0.679239	C	0.0962472
H	0.195158	B	0.663985	C	0.140857
H	0.168273	B	0.617119	C	0.214609
H	0.152327	B	0.513771	C	0.333902
H	0.14093	B	0.325426	C	0.533644
H	0.11469	B	0.142659	C	0.742651
H	0.0819758	B	0.0706648	C	0.847359
H	0.0815977	B	0.142777	C	0.775625
H	0.0922113	B	0.314876	C	0.592913
H	0.146474	B	0.515578	C	0.337948
H	0.186474	B	0.631138	C	0.182388
H	0.170693	B	0.629164	C	0.200144
H	0.120797	B	0.521797	C	0.357406
H	0.0390536	B	0.330388	C	0.630559
H	0.0403516	B	0.243735	C	0.715913
H	0.0386049	B	0.112817	C	0.848579
H	0.37765	B	0.0683769	C	0.553973
H	0.380482	B	0.124149	C	0.495369
H	0.540427	B	0.13881	C	0.320763
H	0.628866	B	0.096889	C	0.274245
H	0.669302	B	0.0719204	C	0.258777
H	0.709398	B	0.0927249	C	0.197878
H	0.742462	B	0.112235	C	0.145303
H	0.744357	B	0.123504	C	0.132139
H	0.731925	B	0.126814	C	0.141261
H	0.703316	B	0.108805	C	0.187879
H	0.657056	B	0.0915126	C	0.251432
H	0.621734	B	0.0746809	C	0.303585
H	0.591668	B	0.0823022	C	0.32603
H	0.542034	B	0.0896832	C	0.368283
H	0.517735	B	0.093265	C	0.389
H	0.577992	B	0.123007	C	0.299001
H	0.571583	B	0.154381	C	0.274036
H	0.565484	B	0.192903	C	0.241613
H	0.578462	B	0.209882	C	0.211656
H	0.562875	B	0.206956	C	0.230169
H	0.513538	B	0.211281	C	0.275181
H	0.423193	B	0.167817	C	0.40899
H	0.31643	B	0.112532	C	0.571038
H	0.298603	B	0.0949721	C	0.606425
H	0.482038	B	0.0848104	C	0.433152
H	0.514964	B	0.0690645	C	0.415972
H	0.666662	B	0.0683845	C	0.264953
H	0.761481	B	0.0931196	C	0.145399
H	0.803575	B	0.0963394	C	0.100086
H	0.858142	B	0.081217	C	0.0606412
H	0.884937	B	0.0677656	C	0.0472977
H	0.903662	B	0.0507479	C	0.0455896
H	0.934836	B	0.0245437	C	0.0406205
H	0.945778	B	0.0183088	C	0.0359131
H	0.947816	B	0.015153	C	0.0370305
H	0.947405	B	0.0131487	C	0.0394468
H	0.938735	B	0.0141692	C	0.0470962
H	0.924221	B	0.0152573	C	0.0605215
H	0.905188	B	0.0194703	C	0.0753418
H	0.871427	B	0.0284369	C	0.100136
H	0.802881	B	0.0395811	C	0.157538
H	0.703205	B	0.0424583	C	0.254336
H	0.598208	B	0.041784	C	0.360008
H	0.498452	B	0.039139	C	0.462409
H	0.428328	B	0.0375237	C	0.534148
H	0.379068	B	0.0546688	C	0.566263
H	0.380745	B	0.0987896	C	0.520466
H	0.326304	B	0.118445	C	0.55525
H	0.463898	B	0.109997	C	0.426105
H	0.887909	B	0.0467029	C	0.0653878
H	0.909781	B	0.0415115	C	0.048708
H	0.915783	B	0.0424822	C	0.0417352
H	0.915975	B	0.0442633	C	0.0397617
H	0.910588	B	0.041999	C	0.0474127
H	0.879172	B	0.048108	C	0.07272
H	0.81736	B	0.0511989	C	0.131441
H	0.661673	B	0.0532925	C	0.285035
H	0.4763	B	0.0397658	C	0.483934
H	0.302663	B	0.0353165	C	0.66202
H	0.214734	B	0.0321997	C	0.753067
H	0.269905	B	0.0343601	C	0.695735
H	0.364332	B	0.0701406	C	0.565528
H	0.457755	B	0.106723	C	0.435522
H	0.502656	B	0.103919	C	0.393425
H	0.524914	B	0.084698	C	0.390388
H	0.738423	B	0.0553627	C	0.206214
H	0.79181	B	0.0480458	C	0.160144
H	0.802651	B	0.0430499	C	0.1543
H	0.795217	B	0.0364903	C	0.168293
H	0.772275	B	0.0380391	C	0.189686
H	0.743292	B	0.0499118	C	0.206796
H	0.699021	B	0.0821939	C	0.218785
H	0.635708	B	0.104891	C	0.259401
H	0.62872	B	0.0974941	C	0.273785
H	0.678428	B	0.0760387	C	0.245533
H	0.729946	B	0.0538412	C	0.216212
H	0.772163	B	0.0525102	C	0.175326
H	0.782966	B	0.0657224	C	0.151311
H	0.766995	B	0.0809109	C	0.152094
H	0.723322	B	0.0922712	C	0.184407
H	0.612152	B	0.0936211	C	0.294227
H	0.422928	B	0.0697954	C	0.507277
H	0.262217	B	0.0540028	C	0.68378
H	0.137008	B	0.0540772	C	0.808915
H	0.0685424	B	0.0974134	C	0.834044
H	0.047151	B	0.21527	C	0.737579
H	0.0487715	B	0.590321	C	0.360908
H	0.0399756	B	0.815156	C	0.144868
H	0.0384954	B	0.881667	C	0.079838
H	0.0269806	B	0.852564	C	0.120455
H	0.0227494	B	0.785013	C	0.192238
H	0.0247395	B	0.529234	C	0.446027
H	0.0835165	B	0.327052	C	0.589432
H	0.150337	B	0.159652	C	0.690011
H	0.211831	B	0.117397	C	0.670773
H	0.178647	B	0.0894521	C	0.731901
H	0.107266	B	0.102274	C	0.79046
H	0.0792038	B	0.305869	C	0.614927
H	0.0630728	B	0.702743	C	0.234185
H	0.0525225	B	0.837641	C	0.109837
H	0.0545269	B	0.848976	C	0.0964976
H	0.0481669	B	0.813669	C	0.138164
H	0.0561236	B	0.812664	C	0.131213
H	0.0559629	B	0.815373	C	0.128664
H	0.0745803	B	0.787297	C	0.138123
H	0.0785043	B	0.758249	C	0.163247
H	0.105532	B	0.659659	C	0.234809
H	0.111029	B	0.442415	C	0.446555
H	0.140981	B	0.234245	C	0.624773
H	0.186789	B	0.085731	C	0.72748
H	0.233019	B	0.086322	C	0.680659
H	0.284623	B	0.302724	C	0.412652
H	0.275241	B	0.469392	C	0.255367
H	0.283822	B	0.505744	C	0.210434
H	0.264697	B	0.517827	C	0.217476
H	0.198413	B	0.463744	C	0.337843
H	0.111011	B	0.284167	C	0.604822
H	0.00355075	B	0.00270649	C	0.993743
