H	0.00303322	B	0.00260089	C	0.994366
H	0.0598324	B	0.157168	C	0.783
H	0.0662625	B	0.119299	C	0.814438
H	0.142137	B	0.119365	C	0.738497
H	0.110986	B	0.11856	C	0.770454
H	0.0664165	B	0.115197	C	0.818386
H	0.0531359	B	0.214446	C	0.732418
H	0.0938138	B	0.453771	C	0.452415
H	0.0966913	B	0.547904	C	0.355404
H	0.114648	B	0.696731	C	0.188621
H	0.101526	B	0.773319	C	0.125155
H	0.0793071	B	0.79033	C	0.130363
H	0.0728411	B	0.674528	C	0.252631
H	0.0556724	B	0.515438	C	0.42889
H	0.0565698	B	0.447242	C	0.496188
H	0.0597215	B	0.323308	C	0.616971
H	0.0410404	B	0.133714	C	0.825246
H	0.0668421	B	0.0776005	C	0.855557
H	0.0906609	B	0.142775	C	0.766564
H	0.110554	B	0.454795	C	0.434652
H	0.0950865	B	0.700644	C	0.204269
H	0.0805436	B	0.801185	C	0.118271
H	0.0668989	B	0.833213	C	0.0998879
H	0.053291	B	0.809253	C	0.137456
H	0.0472034	B	0.680619	C	0.272178
H	0.0698738	B	0.362988	C	0.567138
H	0.0588759	B	0.156796	C	0.784328
H	0.0783654	B	0.117667	C	0.803967
H	0.144978	B	0.172745	C	0.682277
H	0.193241	B	0.312676	C	0.494083
H	0.178994	B	0.488693	C	0.332313
H	0.160896	B	0.618626	C	0.220478
H	0.145834	B	0.670865	C	0.1833
H	0.132849	B	0.729823	C	0.137328
H	0.145368	B	0.76652	C	0.0881121
H	0.133861	B	0.768391	C	0.0977481
H	0.126159	B	0.667945	C	0.205896
H	0.129128	B	0.448673	C	0.422198
H	0.135996	B	0.246962	C	0.617042
H	0.170622	B	0.240763	C	0.588615
H	0.176646	B	0.292732	C	0.530623
H	0.150869	B	0.310487	C	0.538644
H	0.0926523	B	0.32496	C	0.582388
H	0.0445164	B	0.341784	C	0.613699
H	0.0400503	B	0.564052	C	0.395898
H	0.0334187	B	0.771794	C	0.194787
H	0.0306496	B	0.844035	C	0.125315
H	0.0255541	B	0.804571	C	0.169875
H	0.0225064	B	0.647179	C	0.330314
H	0.00287873	B	0.0138963	C	0.983225
